t,gt_x,gt_y,gt_yaw,ekf_x,ekf_y,ekf_yaw,ekf_err,ekf_yaw_err,fix_x,fix_y,fix_yaw,fix_err
1787557875.6006215,-2.4821519108769405,1.5780645488838583e-05,-0.0001900841183823461,,,,,,,,,
1787557875.68315,-2.481715258140238,1.5381050011651986e-05,-0.0001835717274753569,,,,,,,,,
1787557875.748892,-2.4811291663782105,1.5058456367774656e-05,-0.00018021116464289543,-2.5,0.0,0.0,0.0189,0.000,,,,
1787557875.8878553,-2.479505485924061,1.4600025149974553e-05,-0.00018203129226248153,-2.5,0.0,0.0,0.0205,0.000,,,,
1787557875.957255,-2.4784658370161385,1.4438761499263955e-05,-0.00018748764518029817,-2.5,0.0,0.0,0.0215,0.000,,,,
1787557876.0280225,-2.4776288203477765,1.664244195015484e-05,-0.0002510531094035712,-2.5,0.0,0.0,0.0224,0.000,,,,
1787557876.187982,-2.47617457823034,-0.00011936913788760608,0.00720036609366282,-2.5,0.0,0.0,0.0238,0.007,,,,
1787557876.2663462,-2.4755973674402045,-0.00013593987894822512,0.007665821803135626,-2.5,0.0,0.0,0.0244,0.008,,,,
1787557876.336929,-2.475113075458873,-0.00013568424341829356,0.007743941101504303,-2.5,0.0,0.0,0.0249,0.008,,,,
1787557876.4973762,-2.474420987892269,-0.00010777786961146957,0.007202173047961605,-2.5,0.0,0.0,0.0256,0.007,,,,
1787557876.5734732,-2.4742117147224354,-8.819981704013185e-05,0.006765262942657344,-2.5,0.0,0.0,0.0258,0.007,,,,
1787557876.650985,-2.474092916195042,-6.835795033708741e-05,0.006305261723851638,-2.5,0.0,0.0,0.0259,0.006,,,,
1787557876.7305036,-2.474064297110827,-4.976733812208633e-05,0.0058642556560294145,-2.5,0.0,0.0,0.0259,0.006,,,,
1787557876.89978,-2.4742773290026485,-1.937790227772007e-05,0.005132880227460151,-2.5,0.0,0.0,0.0257,0.005,,,,
1787557876.89978,-2.4742773290026485,-1.937790227772007e-05,0.005132880227460151,-2.5,0.0,0.0,0.0257,0.005,,,,
1787557877.0134034,-2.4745192929932864,-8.06495478481986e-06,0.004861439129333789,-2.5,0.0,0.0,0.0255,0.005,,,,
1787557877.1865487,-2.475276215602948,7.38825918532204e-06,0.004501088559058031,-2.5,0.0,0.0,0.0247,0.005,,,,
1787557877.257023,-2.475792532818537,1.21153317917862e-05,0.004398404056290826,-2.5,0.0,0.0,0.0242,0.004,,,,
1787557877.3287594,-2.476401945052072,1.529095723154747e-05,0.004335904263250113,-2.5,0.0,0.0,0.0236,0.004,,,,
1787557877.4844186,-2.477904648079156,1.8265508863884165e-05,0.004297499188395087,-2.5,0.0,0.0,0.0221,0.004,,,,
1787557877.5621877,-2.4784226141200754,2.038291986955609e-05,0.0042599425267658255,-2.5,0.0,0.0,0.0216,0.004,,,,
1787557877.6416442,-2.4788174761932638,2.0963461154905477e-05,0.00427338060849872,-2.5,0.0,0.0,0.0212,0.004,,,,
1787557877.793139,-2.4791461303343,1.9987452158818346e-05,0.004330044368834944,-2.5,0.0,0.0,0.0209,0.004,,,,
1787557877.8681202,-2.479077192242102,1.9011965442408918e-05,0.00436153025989386,-2.5,0.0,0.0,0.0209,0.004,,,,
1787557877.998073,-2.478473517875724,1.7825553946345784e-05,0.00440228319646268,-2.5,0.0,0.0,0.0215,0.004,,,,
1787557878.0863838,-2.478228824256299,2.0746586404374285e-05,0.004341826851202098,-2.5,0.0,0.0,0.0218,0.004,,,,
1787557878.1814044,-2.4780731377979563,2.454458423315956e-05,0.004265644405483154,-2.5,0.0,0.0,0.0219,0.004,,,,
1787557878.2537494,-2.4779948204757587,2.844906467379133e-05,0.004189854613670175,-2.5,0.0,0.0,0.0220,0.004,,,,
1787557878.3847544,-2.4779506527586257,3.114308761858778e-05,0.0041402344926742924,-2.5,0.0,0.0,0.0220,0.004,,,,
1787557878.4559,-2.4779529621345255,3.080475478846868e-05,0.004149254333514783,-2.8843613936174046,-0.3432684141016858,0.0,0.5320,0.004,-2.9338877930936595,-0.3539156918841222,0.0,0.5772
1787557878.535933,-2.477960369942654,2.9032644751680718e-05,0.00418640997634534,-2.90977321415972,-0.35077761946397745,0.0002778052534206231,0.5564,0.004,-2.9377096735940245,-0.3570245181752614,0.0,0.5821
1787557878.6281981,-2.477969011263163,2.587978116464263e-05,0.004250665840314997,-2.9098490965781454,-0.35084727851469566,0.0002780431051212558,0.5564,0.004,-2.9377096735940245,-0.3570245181752614,0.0,0.5821
1787557878.778448,-2.477982831500728,1.626799837790342e-05,0.004443574481598759,-2.9099182020301697,-0.35090975305177374,0.00027820608936357505,0.5565,0.004,-2.9377096735940245,-0.3570245181752614,0.0,0.5821
1787557878.850731,-2.477988114841707,1.0827576283075306e-05,0.004552336591597672,-2.9099182020301697,-0.35090975305177374,0.00027820608936357505,0.5565,0.004,-2.9377096735940245,-0.3570245181752614,0.0,0.5821
1787557878.9742498,-2.477997029809859,2.219692873661332e-06,0.004724383504680979,-2.9100979897145516,-0.35107052335014144,0.00027853180447250515,0.5567,0.004,-2.9377096735940245,-0.3570245181752614,0.0,0.5821
1787557879.0419123,-2.478000669583752,-4.841506504528915e-07,0.0047783957002905985,-2.9100979897145516,-0.35107052335014144,0.00027853180447250515,0.5567,0.004,-2.9377096735940245,-0.3570245181752614,0.0,0.5821
1787557879.1749914,-2.478007663412963,-1.9642271186186408e-06,0.00480869573341343,-2.910333390742718,-0.35127921550158686,0.0002788575800119743,0.5570,0.005,-2.9377096735940245,-0.3570245181752614,0.0,0.5821
1787557879.2509167,-2.478011006543658,-9.490020433707425e-07,0.004789132079094323,-2.910025195280195,-0.351010077788588,0.0002789682449440054,0.5566,0.005,-2.9377096735940245,-0.3570245181752614,0.0,0.5821
1787557879.3274994,-2.478014391381373,1.2718720621209564e-06,0.0047458540992384385,-2.910050280057349,-0.35103203462713717,0.000279054864322867,0.5567,0.004,-2.9377096735940245,-0.3570245181752614,0.0,0.5821
1787557879.4712656,-2.478021228331237,8.025435603820232e-06,0.004614047214204128,-2.910050280057349,-0.35103203462713717,0.000279054864322867,0.5567,0.004,-2.9377096735940245,-0.3570245181752614,0.0,0.5821
1787557879.5420492,-2.478024518559383,1.2068702995566714e-05,0.004535328649347395,-2.9101314688518376,-0.35110246396126654,0.0002792135102377118,0.5568,0.004,-2.9377096735940245,-0.3570245181752614,0.0,0.5821
1787557879.6810646,-2.4780291733051825,1.8202104396351115e-05,0.004416730230759164,-2.9101892282098905,-0.3511523940749857,0.0002792929165002224,0.5569,0.004,-2.9377096735940245,-0.3570245181752614,0.0,0.5821
1787557879.7536576,-2.4780197466126936,0.00037736215536364806,-0.009777511015480172,-2.910258379621704,-0.3512120900877377,0.0002793722900666309,0.5572,0.010,-2.9377096735940245,-0.3570245181752614,0.0,0.5823
1787557879.885132,-2.477909239418153,0.001234924125933932,-0.05211292310610649,-2.910258379621704,-0.3512120900877377,0.0002793722900666309,0.5578,0.052,-2.9377096735940245,-0.3570245181752614,0.0,0.5829
1787557879.9561853,-2.4778019143838965,0.0014102819412557242,-0.0874300853269773,-2.9104308995937154,-0.35136081536064256,0.0002795310182942308,0.5582,0.088,-2.9377096735940245,-0.3570245181752614,0.0,0.5831
1787557880.0932002,-2.477304855009355,0.0008569657134616857,-0.0020827662641825177,-2.9104308995937154,-0.35136081536064256,0.0002795310182942308,0.5583,0.002,-2.9377096735940245,-0.3570245181752614,0.0,0.5831
1787557880.1606574,-2.477064466348353,0.00025549728000369307,0.15048840979435782,-2.9106490381292405,-0.35154864799115587,0.0002796897304155018,0.5584,0.150,-2.9377096735940245,-0.3570245181752614,0.0,0.5830
1787557880.234274,-2.4768850849558874,-0.00022413614392155002,0.4054728552287283,-2.9107752824975965,-0.3516572882073738,0.00027976912403212704,0.5584,0.405,-2.9377096735940245,-0.3570245181752614,0.0,0.5828
1787557880.3708346,-2.4756300255570505,0.00017421031699932344,0.41254013582685367,-2.910912997276307,-0.3517757618144108,0.00027984854599385546,0.5598,0.412,-2.9377096735940245,-0.3570245181752614,0.0,0.5840
1787557880.4939268,-2.4741534570311887,0.0010235093082192571,0.34091617783124895,-2.910912997276307,-0.3517757618144108,0.00027984854599385546,0.5615,0.341,-2.9377096735940245,-0.3570245181752614,0.0,0.5857
1787557880.5647244,-2.473392830673684,0.0011547693080753575,0.30030619943759945,-2.9112223597537814,-0.3520417978436438,0.00028000722307813613,0.5625,0.300,-2.9377096735940245,-0.3570245181752614,0.0,0.5864
1787557880.634387,-2.4725674768129395,0.001037151365945975,0.24018746201128383,-2.9113942436048803,-0.35218956337604446,0.0002800866052193201,0.5633,0.240,-2.9377096735940245,-0.3570245181752614,0.0,0.5870
1787557880.7748575,-2.4707917048744945,1.4391861381358648e-05,0.21022119643675632,-2.9113942436048803,-0.35218956337604446,0.0002800866052193201,0.5641,0.210,-2.9377096735940245,-0.3570245181752614,0.0,0.5878
1787557880.8446138,-2.4700068948483134,-0.0006602732506907816,0.37924623642355226,-2.9102011185041192,-0.3511659253172641,0.0002797088015302606,0.5627,0.379,-2.9377096735940245,-0.3570245181752614,0.0,0.5880
1787557880.98172,-2.468346956096352,-0.0010801082819639984,0.4226120806927787,-2.910221214404615,-0.3511831742968484,0.00027974279048969744,0.5638,0.422,-2.9377096735940245,-0.3570245181752614,0.0,0.5891
1787557881.0488017,-2.4674260499449323,-0.0008671547030002294,0.4122169561433761,-2.910221214404615,-0.3511831742968484,0.00027974279048969744,0.5646,0.412,-2.9377096735940245,-0.3570245181752614,0.0,0.5899
1787557881.185708,-2.46577405865542,-0.0002123982740487563,0.025819880014243082,-2.9102779060583637,-0.35123178306173836,0.000279793909992982,0.5664,0.026,-2.9377096735940245,-0.3570245181752614,0.0,0.5916
1787557881.2547944,-2.4644458746115103,-0.0001994442179824373,-0.3320650952489584,-2.9102779060583637,-0.35123178306173836,0.000279793909992982,0.5674,0.332,-2.9377096735940245,-0.3570245181752614,0.0,0.5927
1787557881.3291144,-2.4630994603627236,-0.00036007580241798206,-0.6232947690268993,-2.910366727754045,-0.3513079076999649,0.0002798451936637768,0.5685,0.624,-2.9377096735940245,-0.3570245181752614,0.0,0.5937
1787557881.4737723,-2.4604176105892708,-0.0014215194814617702,-0.9681723228136747,-2.910366727754045,-0.3513079076999649,0.0002798451936637768,0.5700,0.968,-2.9377096735940245,-0.3570245181752614,0.0,0.5952
1787557881.543526,-2.4597124517741578,-0.001639627749358739,-0.9557407848061463,-2.910487760280738,-0.35141161730043885,0.0002798965566194388,0.5706,0.956,-2.9377096735940245,-0.3570245181752614,0.0,0.5956
1787557881.6863935,-2.4580908934612706,-0.001257098609144629,-0.9123054308604173,-2.910487760280738,-0.35141161730043885,0.0002798965566194388,0.5721,0.913,-2.9377096735940245,-0.3570245181752614,0.0,0.5972
1787557881.759891,-2.4572651123137272,-0.0007024237900244519,-1.0059542224320879,-2.9106408654928315,-0.3515427934571377,0.00027994791181454743,0.5733,1.006,-2.9377096735940245,-0.3570245181752614,0.0,0.5982
1787557881.8402576,-2.4565307820593203,-0.0001630019047953191,-1.2353217481612748,-2.9102256811748264,-0.35118764427581134,0.00027979727211916897,0.5736,1.236,-2.9377096735940245,-0.3570245181752614,0.0,0.5991
1787557881.9938562,-2.4556500447062843,-0.00018206765857085893,-1.2490870917363186,-2.9102444455635617,-0.35120371700424724,0.000279812006280453,0.5743,1.249,-2.9377096735940245,-0.3570245181752614,0.0,0.5998
1787557882.051451,-2.4551638884823954,-0.0005992698103548751,-1.1823491810183053,-2.910264922848745,-0.3512212548878737,0.00027982168063723877,0.5745,1.183,-2.9377096735940245,-0.3570245181752614,0.0,0.5999
1787557882.1784742,-2.454213139404811,-0.0014014191683718333,-0.9856971758115441,-2.910264922848745,-0.3512212548878737,0.00027982168063723877,0.5748,0.986,-2.9377096735940245,-0.3570245181752614,0.0,0.6002
1787557882.2405257,-2.45361713899348,-0.0014641860955098402,-0.9379487262026364,-2.9103252332970273,-0.3512729051949034,0.0002798410183842576,0.5753,0.938,-2.9377096735940245,-0.3570245181752614,0.0,0.6006
1787557882.351563,-2.452280842382053,-0.0008095643708537405,-0.8981256779873362,-2.910365094102096,-0.35130704129131174,0.0002798506912652659,0.5768,0.898,-2.9377096735940245,-0.3570245181752614,0.0,0.6021
1787557882.459989,-2.45109657298857,0.00020859120756526646,-1.1796911388964062,-2.9104114162495045,-0.35134671027007874,0.00027986036366282993,0.5784,1.180,-2.9377096735940245,-0.3570245181752614,0.0,0.6037
1787557882.5339558,-2.450416132007952,0.0004537558636687098,-1.1952386803683557,-2.9104642151522366,-0.3513919253303284,0.00027987003840128225,0.5792,1.196,-2.9377096735940245,-0.3570245181752614,0.0,0.6044
1787557882.6696243,-2.448884829189487,0.00014114197739321742,-1.2069274127307004,-2.9105238185589277,-0.3514429671408821,0.0002798797654534979,0.5803,1.207,-2.9377096735940245,-0.3570245181752614,0.0,0.6054
1787557882.739247,-2.4481302044139537,-0.00030286755431871177,-1.0974611944861126,-2.9105238185589277,-0.3514429671408821,0.0002798797654534979,0.5806,1.098,-2.9377096735940245,-0.3570245181752614,0.0,0.6058
1787557882.863703,-2.446779308822875,-0.0008408604214757087,-0.5137627099837306,-2.9106613050525607,-0.35156070369727244,0.0002798990491310872,0.5815,0.514,-2.9377096735940245,-0.3570245181752614,0.0,0.6065
1787557882.9826813,-2.444646989659575,0.00010274216204531213,-0.5559784789238034,-2.910739963964293,-0.35162806282377296,0.0002799087243020949,0.5839,0.556,-3.53583806755074,0.3817101579298228,0.00027990872430209496,1.1560
1787557883.043993,-2.443586754723152,0.0008430571711493664,-0.6740706901661645,-3.611100710145741,0.25665740321591063,-0.4605474419037199,1.1952,0.214,-3.53583806755074,0.3817101579298228,0.00027990872430209496,1.1568
1787557883.1877482,-2.4419729366307372,0.0018901060024306515,-0.8052696983680366,-3.6329301101032896,0.2772833351031755,-0.46175245166889434,1.2224,0.344,-3.53583806755074,0.3817101579298228,0.00027990872430209496,1.1579
1787557883.2520921,-2.4411033710059984,0.0020143211013440745,-0.9134826694666491,-3.6329301101032896,0.2772833351031755,-0.46175245166889434,1.2232,0.452,-3.53583806755074,0.3817101579298228,0.00027990872430209496,1.1587
1787557883.3916519,-2.4393015144321564,0.0016074869884168553,-0.9632884335869222,-3.6562053763500666,0.2992412789837794,-0.46298678577511454,1.2528,0.500,-3.53583806755074,0.3817101579298228,0.00027990872430209496,1.1605
1787557883.460283,-2.4385188562810542,0.0013956652610243308,-0.7934694404218541,-3.6562053763500666,0.2992412789837794,-0.46298678577511454,1.2536,0.330,-3.53583806755074,0.3817101579298228,0.00027990872430209496,1.1614
1787557883.5919187,-2.437016493156451,0.0017228237771313823,-0.4664959098069674,-3.6267165778049035,0.26232624481333655,-0.49545699828409845,1.2179,0.029,-3.53583806755074,0.3817101579298228,0.00027990872430209496,1.1627
1787557883.666577,-2.436375056635667,0.002244173828741945,-0.31516901054544455,-3.6276628261812554,0.2632021131569575,-0.4957642009726224,1.2195,0.181,-3.53583806755074,0.3817101579298228,0.00027990872430209496,1.1631
1787557883.798874,-2.4357037090739215,0.002782408963596751,-0.26523818551543926,-3.6276628261812554,0.2632021131569575,-0.4957642009726224,1.2201,0.231,-3.53583806755074,0.3817101579298228,0.00027990872430209496,1.1636
1787557883.8658676,-2.4353438759636563,0.0027267632381299703,-0.303340975692481,-3.6289842935926666,0.26439706017386,-0.4961682546094655,1.2220,0.193,-3.53583806755074,0.3817101579298228,0.00027990872430209496,1.1639
1787557883.935058,-2.434934354136249,0.002419996588607278,-0.33840355802447797,-3.6296777785891243,0.26501282431280104,-0.49637027845216003,1.2233,0.158,-3.53583806755074,0.3817101579298228,0.00027990872430209496,1.1644
1787557884.0748415,-2.4341938537006524,0.0012362014229746366,-0.13536499602345373,-3.6296777785891243,0.26501282431280104,-0.49637027845216003,1.2242,0.361,-3.53583806755074,0.3817101579298228,0.00027990872430209496,1.1655
1787557884.195208,-2.4329865607541192,0.0008104660716735403,-0.08896267132632114,-3.631130115417376,0.266280809951863,-0.4967742833280721,1.2272,0.408,-3.53583806755074,0.3817101579298228,0.00027990872430209496,1.1668
1787557884.2535558,-2.432296336391684,0.0009568205809338953,-0.07363367884785885,-3.6318894068893472,0.26693341517148056,-0.49697638278588435,1.2287,0.423,-3.53583806755074,0.3817101579298228,0.00027990872430209496,1.1674
1787557884.3916094,-2.4309935038437436,0.0017166918155815196,-0.3225335149998447,-3.6318894068893472,0.26693341517148056,-0.49697638278588435,1.2298,0.174,-3.53583806755074,0.3817101579298228,0.00027990872430209496,1.1684
1787557884.4578583,-2.4304203160915567,0.0019319894519061308,-0.6213067825305036,-3.633472542732524,0.26827439166674527,-0.4973803282161606,1.2322,0.124,-3.53583806755074,0.3817101579298228,0.00027990872430209496,1.1688
1787557884.578737,-2.4286905054737384,0.0012143636584162573,-0.5555026421563918,-3.633472542732524,0.26827439166674527,-0.4973803282161606,1.2340,0.058,-3.53583806755074,0.3817101579298228,0.00027990872430209496,1.1707
1787557884.6473005,-2.4277659015689337,0.0005034184628398301,-0.43241502427092127,-3.6351454098066034,0.2696661325982936,-0.4977848422283706,1.2370,0.065,-3.53583806755074,0.3817101579298228,0.00027990872430209496,1.1718
1787557884.7716906,-2.42610140895162,-0.0008856859691925077,-0.1441891974296045,-3.6351454098066034,0.2696661325982936,-0.4977848422283706,1.2389,0.354,-3.53583806755074,0.3817101579298228,0.00027990872430209496,1.1738
1787557884.837931,-2.4252157388699698,-0.0012360065495035434,-0.10400170420272854,-3.6369015380731393,0.2711032921787837,-0.49818839154297795,1.2419,0.394,-3.53583806755074,0.3817101579298228,0.00027990872430209496,1.1748
1787557884.9701865,-2.423303723066227,-0.0011174243823939166,-0.10404224597989672,-3.6378136463677757,0.27184122968593327,-0.49839046519509256,1.2448,0.394,-3.53583806755074,0.3817101579298228,0.00027990872430209496,1.1766
1787557885.0962713,-2.421591313018405,-0.0008266915193911537,-0.534165038191369,-3.6378136463677757,0.27184122968593327,-0.49839046519509256,1.2464,0.036,-3.53583806755074,0.3817101579298228,0.00027990872430209496,1.1781
1787557885.1589074,-2.420670265625011,-0.0010777087279938804,-0.5331344613494089,-3.6397024514290934,0.27335295220742184,-0.49879441035871125,1.2495,0.034,-3.53583806755074,0.3817101579298228,0.00027990872430209496,1.1790
1787557885.2769766,-2.4187370900297482,-0.0024047955397585915,-0.48653942265732086,-3.6406803999409654,0.274127741724956,-0.49899654725842024,1.2528,0.012,-3.53583806755074,0.3817101579298228,0.00027990872430209496,1.1813
1787557885.382954,-2.4170210209695706,-0.003863986785304488,-0.3079687452588471,-3.6406803999409654,0.274127741724956,-0.49899654725842024,1.2548,0.191,-3.53583806755074,0.3817101579298228,0.00027990872430209496,1.1834
1787557885.4968894,-2.4153289150744435,-0.004452453277723386,-0.17521208157850485,-3.6427004164290686,0.27571280957525,-0.4994005320336083,1.2589,0.324,-3.53583806755074,0.3817101579298228,0.00027990872430209496,1.1852
1787557885.5637178,-2.4143996496596962,-0.0043911993330048495,-0.11550162377999096,-3.6427004164290686,0.27571280957525,-0.4994005320336083,1.2598,0.384,-3.53583806755074,0.3817101579298228,0.00027990872430209496,1.1860
1787557885.6358883,-2.413485043072539,-0.0041326308291621105,-0.13269607380678433,-3.6448078624070166,0.2773467421607905,-0.49980453512367695,1.2631,0.367,-3.53583806755074,0.3817101579298228,0.00027990872430209496,1.1868
1787557885.7843027,-2.411858553084668,-0.0037751178894584562,-0.5324467683393435,-3.6458945059864063,0.27818213872325326,-0.5000065679298871,1.2658,0.032,-3.53583806755074,0.3817101579298228,0.00027990872430209496,1.1882
1787557885.8529837,-2.4110909934466784,-0.003986594458056316,-0.6414486269162734,-3.6470036103864274,0.27903021040905684,-0.5002087125204064,1.2679,0.141,-3.53583806755074,0.3817101579298228,0.00027990872430209496,1.1890
1787557885.9919906,-2.409515580732587,-0.005072998477317309,-0.6653617765736299,-3.648136035597418,0.27989160267764235,-0.500411114725499,1.2710,0.165,-3.53583806755074,0.3817101579298228,0.00027990872430209496,1.1909
1787557886.064366,-2.4092128313867476,-0.005514930694317175,-0.549722640820463,-3.648136035597418,0.27989160267764235,-0.500411114725499,1.2714,0.049,-3.53583806755074,0.3817101579298228,0.00027990872430209496,1.1913
1787557886.1332948,-2.4088475700666656,-0.0056598412241193,-0.3852259082125881,-3.650459647203697,0.2816458629042997,-0.5008147247523915,1.2744,0.116,-3.53583806755074,0.3817101579298228,0.00027990872430209496,1.1917
1787557886.2705057,-2.4078802724187556,-0.00501908922733133,-0.0301155991236266,-3.650459647203697,0.2816458629042997,-0.5008147247523915,1.2752,0.471,-3.53583806755074,0.3817101579298228,0.00027990872430209496,1.1924
1787557886.3432188,-2.40749278103279,-0.004519261300709496,-0.03272645562413942,-3.6528723248442847,0.2834502399043469,-0.5012186469607766,1.2782,0.468,-3.53583806755074,0.3817101579298228,0.00027990872430209496,1.1926
1787557886.484599,-2.40760033620886,-0.004284030389270497,-0.008128252759016321,-3.6541532024808085,0.2844017074813214,-0.5014273600875551,1.2795,0.493,-3.53583806755074,0.3817101579298228,0.00027990872430209496,1.1924
1787557886.553315,-2.407557322673392,-0.004557897399357436,0.013674407182974803,-3.6541532024808085,0.2844017074813214,-0.5014273600875551,1.2796,0.515,-3.53583806755074,0.3817101579298228,0.00027990872430209496,1.1926
1787557886.6243894,-2.4075434239390785,-0.005035998129579548,0.13692216751184066,-3.864014102802884,-0.10163248690466153,1.9438389209687583,1.4597,1.807,-4.389591995426013,-0.6591931681432265,-0.5014273600875552,2.0872
1787557886.7837267,-2.406217951255398,-0.005332623949346399,0.24632678564375252,-3.877148495745129,-0.12438144094953765,1.9589510625998858,1.4757,1.713,-4.389591995426013,-0.6591931681432265,-0.5014273600875552,2.0884
1787557886.8662498,-2.405455245474517,-0.0049909295706804255,0.3224404537620741,-3.7366523692293874,0.03354739572558409,2.381687336284253,1.3318,2.059,-4.389591995426013,-0.6591931681432265,-0.5014273600875552,2.0892
1787557886.9518754,-2.404701121489756,-0.004411569644257542,0.299140554548858,-3.735901823001372,0.03421229504974554,2.3672092669264613,1.3318,2.068,-4.389591995426013,-0.6591931681432265,-0.5014273600875552,2.0901
1787557887.0300007,-2.4040628885256523,-0.003872636216661954,0.09333060562737892,-3.7359524458120896,0.034060568510966185,2.368993239577081,1.3324,2.276,-4.389591995426013,-0.6591931681432265,-0.5014273600875552,2.0909
1787557887.1761224,-2.4024385571014726,-0.004151562383936421,-0.14848294206807594,-3.7359177755092268,0.03410435225285353,2.36276825722943,1.3340,2.511,-4.389591995426013,-0.6591931681432265,-0.5014273600875552,2.0923
1787557887.2503774,-2.401489773123421,-0.004939452508572694,-0.06828091143977078,-3.7359242826718715,0.03408952113886993,2.363555711144589,1.3350,2.432,-4.389591995426013,-0.6591931681432265,-0.5014273600875552,2.0930
1787557887.3247263,-2.4006356530412285,-0.005812876383599043,0.15185407684940838,-3.7359242172923492,0.03408756586545754,2.36082101423598,1.3359,2.209,-4.389591995426013,-0.6591931681432265,-0.5014273600875552,2.0935
1787557887.4852872,-2.3988942760177334,-0.0067503393361564345,0.20586331884151396,-3.7359209424671187,0.03410639762722353,2.3615099880661745,1.3377,2.156,-4.389591995426013,-0.6591931681432265,-0.5014273600875552,2.0949
1787557887.5538883,-2.3979395894000106,-0.0067501428876932425,0.17203224047065827,-3.7359209424671187,0.03410639762722353,2.3615099880661745,1.3386,2.189,-4.389591995426013,-0.6591931681432265,-0.5014273600875552,2.0958
1787557887.6887982,-2.3962303816271175,-0.006700275546276938,-0.2581767624010827,-3.7359033283579355,0.03418589999046469,2.362426530272031,1.3403,2.621,-4.389591995426013,-0.6591931681432265,-0.5014273600875552,2.0974
1787557887.7652848,-2.395279548235086,-0.0070059939763407394,-0.2570294337068598,-3.735907620244746,0.03412473280547286,2.3609435468639806,1.3413,2.618,-4.389591995426013,-0.6591931681432265,-0.5014273600875552,2.0982
1787557887.8384733,-2.3942398802161002,-0.007643195373339722,-0.2104289282301792,-3.7358957200360257,0.034174937301374025,2.361462511327609,1.3423,2.572,-4.389591995426013,-0.6591931681432265,-0.5014273600875552,2.0990
1787557887.9837568,-2.3922602726465625,-0.00942672387876458,0.20449242431350165,-3.735894381198469,0.03414925329642293,2.3608634035546894,1.3443,2.156,-4.389591995426013,-0.6591931681432265,-0.5014273600875552,2.1004
1787557888.0587587,-2.3913390675812463,-0.0099574186473625,0.22476067266524227,-3.735884230472998,0.0341911362338283,2.361148056656967,1.3453,2.136,-4.389591995426013,-0.6591931681432265,-0.5014273600875552,2.1011
1787557888.131451,-2.3903527882494813,-0.010178217308185048,0.2499846603250849,-3.735879149751712,0.034179064641140684,2.360944521954797,1.3463,2.111,-4.389591995426013,-0.6591931681432265,-0.5014273600875552,2.1019
1787557888.2834961,-2.388386807741085,-0.009954932522985549,0.0585805253908853,-3.735876732847695,0.0341779241436341,2.360853731054152,1.3482,2.302,-4.389591995426013,-0.6591931681432265,-0.5014273600875552,2.1039
1787557888.3529491,-2.387487663607527,-0.009963691134439366,-0.21115348863132452,-3.7358691685476275,0.034208888636565474,2.3609630919796536,1.3491,2.572,-4.389591995426013,-0.6591931681432265,-0.5014273600875552,2.1047
1787557888.4969466,-2.3854996578139405,-0.011030999932373928,-0.18458547309107265,-3.7358691685476275,0.034208888636565474,2.3609630919796536,1.3511,2.546,-4.389591995426013,-0.6591931681432265,-0.5014273600875552,2.1063
1787557888.561845,-2.384499514096202,-0.011931968910055397,-0.05599063800007477,-3.7358549221855015,0.03422918003965879,2.36102600104474,1.3521,2.417,-4.389591995426013,-0.6591931681432265,-0.5014273600875552,2.1070
1787557888.6933115,-2.3828550553110106,-0.01223713603797578,0.01654639489608751,-3.7358502631339365,0.034248236603906475,2.361069415057586,1.3538,2.345,-4.389591995426013,-0.6591931681432265,-0.5014273600875552,2.1084
1787557888.7635047,-2.3819392174457525,-0.012012304315967693,0.07559007289875173,-3.7358428547701488,0.034278534431141275,2.361110274538832,1.3547,2.286,-4.389591995426013,-0.6591931681432265,-0.5014273600875552,2.1094
1787557888.8346136,-2.381024682047292,-0.011401305729446178,0.20830552965241814,-3.7358463204948387,0.0342416941809974,2.361076491560106,1.3556,2.153,-4.389591995426013,-0.6591931681432265,-0.5014273600875552,2.1104
1787557888.971573,-2.379406171396888,-0.009920696476648921,0.10797131530260543,-3.735836323062921,0.034282581568062714,2.361125390713078,1.3572,2.253,-4.389591995426013,-0.6591931681432265,-0.5014273600875552,2.1124
1787557889.0978549,-2.377575179735962,-0.00985340613642564,0.09808700757300261,-3.7358270576637715,0.03432047387118698,2.3611507174872832,1.3590,2.263,-4.389591995426013,-0.6591931681432265,-0.5014273600875552,2.1142
1787557889.1576269,-2.376599378964794,-0.010134457561470096,0.1367767286923161,-3.7358270576637715,0.03432047387118698,2.3611507174872832,1.3600,2.224,-4.389591995426013,-0.6591931681432265,-0.5014273600875552,2.1150
1787557889.2909532,-2.3748531157416948,-0.010892909828173682,0.30823787298758787,-3.7358001634620663,0.034430460577331796,2.3612013640466674,1.3617,2.053,-4.389591995426013,-0.6591931681432265,-0.5014273600875552,2.1165
1787557889.3519287,-2.3739837226031937,-0.010996435757795927,0.36923139198823574,-3.7358001634620663,0.034430460577331796,2.3612013640466674,1.3626,1.992,-4.389591995426013,-0.6591931681432265,-0.5014273600875552,2.1173
1787557889.4838872,-2.3720925111484155,-0.010427180120940004,0.4493354275294856,-3.7357621197888027,0.03458604339908381,2.361252005339815,1.3644,1.912,-4.389591995426013,-0.6591931681432265,-0.5014273600875552,2.1192
1787557889.5597298,-2.371182084568396,-0.009886970195483829,0.3570267622685796,-3.7357621197888027,0.03458604339908381,2.361252005339815,1.3653,2.004,-4.389591995426013,-0.6591931681432265,-0.5014273600875552,2.1203
1787557889.697082,-2.3698286739492676,-0.00953922640871906,0.11039221935297028,-3.735712928876042,0.03478721355777128,2.3613026425941928,1.3666,2.251,-4.389591995426013,-0.6591931681432265,-0.5014273600875552,2.1217
1787557889.7667706,-2.3692592711907947,-0.009960232647724339,0.050017951177900206,-3.735712928876042,0.03478721355777128,2.3613026425941928,1.3672,2.311,-4.389591995426013,-0.6591931681432265,-0.5014273600875552,2.1221
1787557889.8387837,-2.3686777304174136,-0.010622536068978361,0.05770266748258311,-3.735652597883436,0.03503394212277124,2.361353272421034,1.3677,2.304,-4.389591995426013,-0.6591931681432265,-0.5014273600875552,2.1224
1787557889.9783468,-2.3685321305808813,-0.010903210980407748,-0.05124861882766249,-3.7356182442120875,0.03517443459074958,2.3613785932159748,1.3679,2.413,-4.389591995426013,-0.6591931681432265,-0.5014273600875552,2.1225
1787557890.0359557,-2.3684158849936687,-0.010714424792679795,-0.073335292285737,-3.7356182442120875,0.03517443459074958,2.3613785932159748,1.3680,2.435,-4.389591995426013,-0.6591931681432265,-0.5014273600875552,2.1227
1787557890.1749692,-2.3676728623684675,-0.00940993859488611,-0.3867200292009222,-3.7355411714284377,0.0354896309423579,2.3614292358682634,1.3686,2.748,-4.389591995426013,-0.6591931681432265,-0.5014273600875552,2.1238
1787557890.24474,-2.3674039086913017,-0.0086569074985428,-0.7290287484882844,-3.7355411714284377,0.0354896309423579,2.3614292358682634,1.3688,3.090,-4.389591995426013,-0.6591931681432265,-0.5014273600875552,2.1243
1787557890.3848433,-2.366254868396983,-0.00821595907148266,-0.7689703280632001,-3.7354529577106295,0.03585039006731548,2.3614798725871378,1.3699,3.130,-4.389591995426013,-0.6591931681432265,-0.5014273600875552,2.1255
1787557890.4542453,-2.3656042857971475,-0.008386710375460031,-0.7627398054905825,-3.7354046433085055,0.03604797740597858,2.3615052045131293,1.3705,3.124,-4.389591995426013,-0.6591931681432265,-0.5014273600875552,2.1260
1787557890.5974321,-2.3645015070573034,-0.009001004345291165,-0.39123668637165515,-3.7354046433085055,0.03604797740597858,2.3615052045131293,1.3716,2.753,-4.389591995426013,-0.6591931681432265,-0.5014273600875552,2.1269
1787557890.666975,-2.3637637415129467,-0.00896954279266895,-0.3859272090268107,-3.7352997108551516,0.03647711134030206,2.361555837535817,1.3723,2.747,-4.389591995426013,-0.6591931681432265,-0.5014273600875552,2.1276
1787557890.7352378,-2.3629132575094625,-0.008579605992187036,-0.4497165371018002,-3.735243052968445,0.03670882135688706,2.36158115902048,1.3731,2.811,-4.389591995426013,-0.6591931681432265,-0.5014273600875552,2.1285
1787557890.8728912,-2.361252818569074,-0.007253479174304375,-0.8524826391358599,-3.735243052968445,0.03670882135688706,2.36158115902048,1.3747,3.214,-4.389591995426013,-0.6591931681432265,-0.5014273600875552,2.1305
1787557890.9483948,-2.3599383651903807,-0.006924802020622468,-0.9856000905933896,-3.735121405850717,0.03720631423643004,2.3616317890093774,1.3759,3.347,-4.389591995426013,-0.6591931681432265,-0.5014273600875552,2.1319
1787557891.087326,-2.3570275528696687,-0.007244999586871951,-1.1888466493369867,-3.7350563824114946,0.03747223757323555,2.3616571116962137,1.3788,3.551,-4.389591995426013,-0.6591931681432265,-0.5014273600875552,2.1346
1787557891.1576076,-2.355532359034151,-0.0077744146650147086,-1.1390836587569753,-3.7350563824114946,0.03747223757323555,2.3616571116962137,1.3803,3.501,-4.389591995426013,-0.6591931681432265,-0.5014273600875552,2.1358
1787557891.2988222,-2.3528529896079107,-0.008408236161059736,-0.9270877319536652,-3.7349179871809675,0.03803822697615301,2.3617077513268474,1.3828,3.289,-4.389591995426013,-0.6591931681432265,-0.5014273600875552,2.1382
1787557891.3683782,-2.3515010101051796,-0.008239342084788256,-0.9097164693845922,-3.73484459753456,0.03833836670390258,2.361733074795057,1.3841,3.271,-4.389591995426013,-0.6591931681432265,-0.5014273600875552,2.1395
1787557891.4984446,-2.348771596518251,-0.007243602937034382,-1.0770180285264928,-3.73484459753456,0.03833836670390258,2.361733074795057,1.3868,3.439,-4.389591995426013,-0.6591931681432265,-0.5014273600875552,2.1424
1787557891.5644386,-2.347698345928031,-0.007331818323791438,-1.0880595346551807,-3.73468950687887,0.03897263794204008,2.3617837047910277,1.3878,3.450,-4.389591995426013,-0.6591931681432265,-0.5014273600875552,2.1434
1787557891.6896958,-2.3453742482691275,-0.008274939872593961,-1.1827439582529833,-3.734607740496935,0.03930703751145785,2.3618090324144405,1.3900,3.545,-4.389591995426013,-0.6591931681432265,-0.5014273600875552,2.1453
1787557891.7592533,-2.3441856745076377,-0.009124714289257067,-1.2077591976484212,-4.118968668996855,0.46615102467254926,1.3960212076272267,1.8373,2.604,-4.369693647536135,1.2077383924749303,2.3618090324144396,2.3629
1787557891.8379035,-2.3430575807341922,-0.0101034230061882,-1.106458576978258,-4.137893243978689,0.48730735346261883,1.3972314320797092,1.8625,2.504,-4.369693647536135,1.2077383924749303,2.3618090324144396,2.3644
1787557891.9737904,-2.342007771470474,-0.01082444819042548,-1.0381313486404604,-4.15419259692851,0.5055357171781514,1.3982562624159276,1.8843,2.436,-4.369693647536135,1.2077383924749303,2.3618090324144396,2.3657
1787557892.0419571,-2.3413720068304693,-0.010733603055045391,-0.9956157004245744,-4.15419259692851,0.5055357171781514,1.3982562624159276,1.8849,2.394,-4.369693647536135,1.2077383924749303,2.3618090324144396,2.3662
1787557892.1715372,-2.3402019861709524,-0.01010346525208615,-1.1965182886157741,-4.187545137037975,0.5428547667844433,1.4003059749337463,1.9283,2.597,-4.369693647536135,1.2077383924749303,2.3618090324144396,2.3668
1787557892.243313,-2.339684334187924,-0.009947509903810468,-1.447363731071211,-4.051480795801699,0.24902630073323734,1.5778386443792123,1.7313,3.025,-4.369693647536135,1.2077383924749303,2.3618090324144396,2.3672
1787557892.394844,-2.3380326717741586,-0.010962575446258447,-1.4098208106186618,-4.0520036628036635,0.24946852138576653,1.5782000452356404,1.7336,2.988,-4.369693647536135,1.2077383924749303,2.3618090324144396,2.3692
1787557892.4620318,-2.3372245910780225,-0.011834094911907811,-1.2662286821459892,-4.0520036628036635,0.24946852138576653,1.5782000452356404,1.7346,2.844,-4.369693647536135,1.2077383924749303,2.3618090324144396,2.3703
1787557892.5912323,-2.3356873427332236,-0.013080486813281476,-0.9623532622655669,-4.051458349824371,0.2482655749065744,1.5776557556146484,1.7356,2.540,-4.369693647536135,1.2077383924749303,2.3618090324144396,2.3723
1787557892.6665454,-2.3348052887333277,-0.013255444808132285,-0.9475369166218313,-4.051576593399983,0.24837944745759627,1.577888653246135,1.7366,2.525,-4.369693647536135,1.2077383924749303,2.3618090324144396,2.3731
1787557892.741195,-2.3338759046804096,-0.013181445249632742,-0.9855209002370021,-4.051576593399983,0.24837944745759627,1.577888653246135,1.7375,2.563,-4.369693647536135,1.2077383924749303,2.3618090324144396,2.3739
1787557892.8967178,-2.332207004048598,-0.01293895915327286,-1.1949236328340038,-4.051603104175891,0.248390744454135,1.577269412008818,1.7391,2.772,-4.369693647536135,1.2077383924749303,2.3618090324144396,2.3752
1787557892.9753275,-2.331310319249211,-0.013254305475191689,-1.237522191710685,-4.051610932632572,0.24839571160720295,1.5770968943638308,1.7401,2.815,-4.369693647536135,1.2077383924749303,2.3618090324144396,2.3761
1787557893.05883,-2.3303580729992626,-0.013839069174435465,-1.262370253015842,-4.051586627008516,0.24838409138391984,1.57715106889884,1.7411,2.840,-4.369693647536135,1.2077383924749303,2.3618090324144396,2.3772
1787557893.1352112,-2.3294794512664883,-0.014644262100566283,-1.1520232184961108,-4.051586627008516,0.24838409138391984,1.57715106889884,1.7421,2.729,-4.369693647536135,1.2077383924749303,2.3618090324144396,2.3784
1787557893.2737021,-2.327925820292406,-0.015474565529374021,-0.8995202778832265,-4.051461174624213,0.24831640019080667,1.577258562345834,1.7436,2.477,-4.369693647536135,1.2077383924749303,2.3618090324144396,2.3801
1787557893.345904,-2.3271467644566552,-0.015236821325202224,-0.8795357224093511,-4.051461174624213,0.24831640019080667,1.577258562345834,1.7443,2.457,-4.369693647536135,1.2077383924749303,2.3618090324144396,2.3807
1787557893.480497,-2.3257183115198865,-0.014339158097601112,-1.1855162691440897,-4.051498193279815,0.2482949548377268,1.5773807138057043,1.7456,2.763,-4.369693647536135,1.2077383924749303,2.3618090324144396,2.3815
1787557893.5512729,-2.3249418521989274,-0.014171378562465418,-1.1993267089316892,-4.05146383281844,0.248275464247037,1.5774097922069243,1.7464,2.777,-4.369693647536135,1.2077383924749303,2.3618090324144396,2.3820
1787557893.629593,-2.3241080870837445,-0.014300826069251007,-1.223130500292028,-4.05146383281844,0.248275464247037,1.5774097922069243,1.7472,2.801,-4.369693647536135,1.2077383924749303,2.3618090324144396,2.3828
1787557893.7683866,-2.3224072252525065,-0.015250691260695073,-1.0806812013892488,-4.051325477354562,0.24819610526320232,1.5774673789351144,1.7489,2.658,-4.369693647536135,1.2077383924749303,2.3618090324144396,2.3848
1787557893.898707,-2.3215862210302953,-0.014945886467098476,-1.0261524713643535,-4.051325477354562,0.24819610526320232,1.5774673789351144,1.7496,2.604,-4.369693647536135,1.2077383924749303,2.3618090324144396,2.3853
1787557893.9665246,-2.321088768297164,-0.014412851563206139,-0.9790899272678447,-4.051095747977939,0.24806376782413464,1.577524538756864,1.7498,2.557,-4.369693647536135,1.2077383924749303,2.3618090324144396,2.3855
1787557894.0932665,-2.3196706175582573,-0.01202487679696859,-1.1774317425175964,-4.051095747977939,0.24806376782413464,1.577524538756864,1.7509,2.755,-4.369693647536135,1.2077383924749303,2.3618090324144396,2.3855
1787557894.18707,-2.3182097024918082,-0.01028974378714827,-1.2566442373383868,-4.05077262905368,0.24787729300913666,1.5775819057363079,1.7517,2.834,-4.369693647536135,1.2077383924749303,2.3618090324144396,2.3858
1787557894.24268,-2.3174270913379607,-0.009689614909544682,-1.3021944031869719,-4.050576227332568,0.2477638568984081,1.5776105989585905,1.7522,2.880,-4.369693647536135,1.2077383924749303,2.3618090324144396,2.3862
1787557894.3840976,-2.3157715841385462,-0.009085674856847019,-1.2936239141734616,-4.051328738997581,0.24813583489516208,1.5777709301066174,1.7545,2.871,-4.369693647536135,1.2077383924749303,2.3618090324144396,2.3873
1787557894.4401608,-2.3150541654257966,-0.008937419541127537,-1.0854217398755268,-4.051248189150515,0.24808921858119393,1.5777960790180476,1.7551,2.663,-4.369693647536135,1.2077383924749303,2.3618090324144396,2.3879
1787557894.5776854,-2.313426238889586,-0.007892928482361648,-0.8168040945088233,-4.051178672367154,0.24804895046456504,1.5778087326804004,1.7565,2.395,-4.369693647536135,1.2077383924749303,2.3618090324144396,2.3887
1787557894.6480079,-2.3124128401552717,-0.006766898785277588,-0.8468712076006215,-4.05108938482589,0.2479972155065654,1.577821433068181,1.7572,2.425,-4.369693647536135,1.2077383924749303,2.3618090324144396,2.3890
1787557894.7894907,-2.3113164503097234,-0.004928497104750086,-0.787876403085111,-4.05108938482589,0.2479972155065654,1.577821433068181,1.7581,2.366,-4.369693647536135,1.2077383924749303,2.3618090324144396,2.3890
1787557894.8594973,-2.3107725112312343,-0.004292080733045647,-0.8796377734847962,-4.050853882451318,0.24786072714565344,1.577846675340519,1.7583,2.457,-4.369693647536135,1.2077383924749303,2.3618090324144396,2.3892
1787557895.000175,-2.3096903647555544,-0.004157775239367064,-1.0714081794336092,-4.050853882451318,0.24786072714565344,1.577846675340519,1.7593,2.649,-4.369693647536135,1.2077383924749303,2.3618090324144396,2.3900
1787557895.0699365,-2.309239328091383,-0.004476883868894938,-1.036925213077912,-4.050540433318934,0.24767903003208094,1.5778719692958272,1.7595,2.615,-4.369693647536135,1.2077383924749303,2.3618090324144396,2.3906
1787557895.138112,-2.3088621126284306,-0.004648603816257745,-0.8697134981042425,-4.050540433318934,0.24767903003208094,1.5778719692958272,1.7599,2.448,-4.369693647536135,1.2077383924749303,2.3618090324144396,2.3910
1787557895.2768903,-2.3073882570312434,-0.003864757530674451,-0.9281796601229073,-4.050149384912129,0.24745232560041486,1.577897266514054,1.7608,2.506,-4.369693647536135,1.2077383924749303,2.3618090324144396,2.3919
1787557895.3483772,-2.306585253729073,-0.0030753704225024684,-1.060992418944089,-4.049924752725723,0.2473220909152873,1.5779099162846038,1.7612,2.639,-4.369693647536135,1.2077383924749303,2.3618090324144396,2.3922
1787557895.4790885,-2.3053581327898685,-0.0025930660786115437,-1.2192954452767444,-4.049680633684943,0.24718055397272176,1.577922570657671,1.7621,2.797,-4.369693647536135,1.2077383924749303,2.3618090324144396,2.3930
1787557895.548189,-2.3046757222399306,-0.002743307508743401,-1.3917717279123871,-4.049680633684943,0.24718055397272176,1.577922570657671,1.7628,2.970,-4.369693647536135,1.2077383924749303,2.3618090324144396,2.3937
1787557895.6796763,-2.3029637816528177,-0.004430357942714598,-1.2724513424794859,-4.049134515185435,0.2468639096434341,1.5779478644619667,1.7642,2.850,-4.369693647536135,1.2077383924749303,2.3618090324144396,2.3960
1787557895.7499409,-2.3022168307956,-0.005418988550361456,-1.0289566161837291,-4.049134515185435,0.2468639096434341,1.5779478644619667,1.7650,2.607,-4.369693647536135,1.2077383924749303,2.3618090324144396,2.3971
1787557895.8851032,-2.3004799325716685,-0.006487440017164597,-0.9789155057759197,-4.048510771284426,0.24650224311656668,1.5779731614115506,1.7662,2.557,-4.369693647536135,1.2077383924749303,2.3618090324144396,2.3992
1787557895.9530294,-2.299516245858994,-0.006643206173724662,-0.9795772017952263,-4.048510771284426,0.24650224311656668,1.5779731614115506,1.7672,2.558,-4.369693647536135,1.2077383924749303,2.3618090324144396,2.4001
1787557896.0973535,-2.2977711368984726,-0.006669461858232616,-1.3640691716425586,-4.047809572397068,0.24609565329617547,1.5779984546911823,1.7682,2.942,-4.369693647536135,1.2077383924749303,2.3618090324144396,2.4016
1787557896.1651454,-2.296843281377439,-0.0069344731975156705,-1.3661385312634977,-4.047429780941693,0.24587542735097795,1.578011105050898,1.7687,2.944,-4.369693647536135,1.2077383924749303,2.3618090324144396,2.4025
1787557896.2960296,-2.294867959534272,-0.008265893292087621,-1.3269672350674262,-4.047429780941693,0.24587542735097795,1.578011105050898,1.7709,2.905,-4.369693647536135,1.2077383924749303,2.3618090324144396,2.4049
1787557896.3463247,-2.29393601861596,-0.00917778342034461,-1.1728397341192793,-4.046612264196293,0.24540137426472952,1.5780363982302275,1.7711,2.751,-4.369693647536135,1.2077383924749303,2.3618090324144396,2.4062
1787557896.4645483,-2.29240324516349,-0.010358582650385544,-1.0725908295360043,-4.046174275538443,0.24514739455079024,1.5780490491436907,1.7723,2.651,-4.369693647536135,1.2077383924749303,2.3618090324144396,2.4081
1787557896.60038,-2.2906552337794888,-0.010592986828622168,-0.9458868351157245,-4.046174275538443,0.24514739455079024,1.5780490491436907,1.7740,2.524,-4.369693647536135,1.2077383924749303,2.3618090324144396,2.4097
1787557896.697652,-2.2897892542685723,-0.010401074731853872,-1.0093412381912432,-4.045240202956894,0.24460574040367278,1.5780743483969126,1.7739,2.587,-4.369693647536135,1.2077383924749303,2.3618090324144396,2.4104
1787557896.800462,-2.289023464140943,-0.010354428653302258,-1.2493210957271896,-4.045240202956894,0.24460574040367278,1.5780743483969126,1.7746,2.827,-4.369693647536135,1.2077383924749303,2.3618090324144396,2.4110
1787557896.8731618,-2.288175714912562,-0.010705370149932796,-1.5158980693921476,-4.044228771201596,0.2440192188933669,1.5780996424125495,1.7744,3.094,-4.369693647536135,1.2077383924749303,2.3618090324144396,2.4119
1787557896.9434886,-2.287279654820286,-0.011325947033609726,-1.742719336176102,-4.043693674645604,0.24370891785153162,1.5781122964218375,1.7748,3.321,-4.369693647536135,1.2077383924749303,2.3618090324144396,2.4130
1787557897.0889857,-2.286013253809132,-0.01180444938196394,-1.6043391187876583,-4.0431323294042185,0.2433833935250532,1.5781251038300668,1.7756,3.182,-4.369693647536135,1.2077383924749303,2.3618090324144396,2.4143
1787557897.1583881,-2.285312338777022,-0.011725201705941376,-1.4553516063360938,-4.0431323294042185,0.2433833935250532,1.5781251038300668,1.7762,3.033,-4.369693647536135,1.2077383924749303,2.3618090324144396,2.4149
1787557897.2996013,-2.2836229397852157,-0.010599644029788873,-1.122183339531089,-4.041973064365947,0.24271113023471302,1.5781502348409278,1.7765,2.700,-4.369693647536135,1.2077383924749303,2.3618090324144396,2.4158
1787557897.365864,-2.28288513178835,-0.009899724758648379,-1.1295254117822604,-4.0413606300687706,0.24235597447768117,1.578162883634259,1.7765,2.708,-4.369693647536135,1.2077383924749303,2.3618090324144396,2.4161
1787557897.495367,-2.2820528888973928,-0.009494572064228247,-1.1546137625977377,-4.0965400812579285,0.8322048131376352,-1.5821940935215917,2.0002,0.428,-4.222266050043341,1.3089442517879482,1.578162883634259,2.3458
1787557897.572878,-2.2815504232909194,-0.009674851745481787,-1.1466097689030257,-4.108852686130574,0.9116744044525587,-1.7087404247540965,2.0464,0.562,-4.171871220306555,0.9959222106102245,-1.5821940935215917,2.1412
1787557897.6382716,-2.281086627278988,-0.010047336083428476,-1.030539280090669,-4.108052871841521,0.9318494052130458,-1.7063477221680479,2.0555,0.676,-4.171871220306555,0.9959222106102245,-1.5821940935215917,2.1417
1787557897.78609,-2.2807172209565545,-0.010323535742051852,-0.7567810312345807,-4.108052871841521,0.9318494052130458,-1.7063477221680479,2.0559,0.950,-4.171871220306555,0.9959222106102245,-1.5821940935215917,2.1422
1787557897.8563745,-2.2806472531557813,-0.009953792854497937,-0.74829891110179,-4.106412876570309,0.9724161371935235,-1.7016396808540772,2.0733,0.953,-4.171871220306555,0.9959222106102245,-1.5821940935215917,2.1421
1787557897.9732363,-2.280506345437027,-0.008608047208191062,-0.943620985109062,-4.106412876570309,0.9724161371935235,-1.7016396808540772,2.0728,0.758,-4.171871220306555,0.9959222106102245,-1.5821940935215917,2.1416
1787557898.0934744,-2.279791519272207,-0.007821227372645623,-1.0205244078767228,-4.1046870374999065,1.0141174804435844,-1.6969336286984689,2.0916,0.676,-4.171871220306555,0.9959222106102245,-1.5821940935215917,2.1418
1787557898.1607432,-2.279367966435696,-0.007769170085644964,-1.0714529503828194,-4.103791635223077,1.0354126927990375,-1.6945792076724968,2.1016,0.623,-4.171871220306555,0.9959222106102245,-1.5821940935215917,2.1422
1787557898.2951202,-2.278466408308392,-0.008294940704101462,-1.0040474970435758,-4.10287471571545,1.0569946955027243,-1.6922249420160616,2.1127,0.688,-4.171871220306555,0.9959222106102245,-1.5821940935215917,2.1432
1787557898.3695178,-2.278126538884639,-0.00858347236569725,-0.7862081489613094,-4.086162481705403,0.9163721226541159,-6.058902475140865,2.0309,5.273,-4.171871220306555,0.9959222106102245,-1.5821940935215917,2.1437
1787557898.4465787,-2.2777331591337444,-0.008586810423670137,-0.5119907934875584,-4.086222354922632,0.9154002734520241,-6.081486151972731,2.0309,5.569,-4.171871220306555,0.9959222106102245,-1.5821940935215917,2.1440
1787557898.592902,-2.2759890349657494,-0.006676677390194308,-0.6389264268173532,-4.0861558177035775,0.9155870549082247,-6.082653350378031,2.0316,5.444,-4.171871220306555,0.9959222106102245,-1.5821940935215917,2.1447
1787557898.661614,-2.2750433930545273,-0.005926331409572542,-0.7002230232684027,-4.0861558177035775,0.9155870549082247,-6.082653350378031,2.0321,5.382,-4.171871220306555,0.9959222106102245,-1.5821940935215917,2.1451
1787557898.7348778,-2.2740890520806514,-0.005377130123278672,-0.8737002492536804,-4.086058533597362,0.9156695423343367,-6.08435546310026,2.0326,5.211,-4.171871220306555,0.9959222106102245,-1.5821940935215917,2.1457
1787557898.8722713,-2.271990329402522,-0.005270566622889113,-1.0274481592370763,-4.086009760246794,0.9156262672851202,-6.085206907068754,2.0344,5.058,-4.171871220306555,0.9959222106102245,-1.5821940935215917,2.1475
1787557898.9412937,-2.2709626038485458,-0.005547822167460561,-0.9883987720718975,-4.086009760246794,0.9156262672851202,-6.085206907068754,2.0354,5.097,-4.171871220306555,0.9959222106102245,-1.5821940935215917,2.1486
1787557899.0840623,-2.269047798369231,-0.0056447140009976225,-0.8065453852213189,-4.0860583763457115,0.9158833850958121,-6.0818042786939275,2.0373,5.275,-4.171871220306555,0.9959222106102245,-1.5821940935215917,2.1503
1787557899.1599233,-2.267996603324248,-0.005226708813715028,-0.8057935444608689,-4.086052311272039,0.9158319589006626,-6.0822125032867715,2.0381,5.276,-4.171871220306555,0.9959222106102245,-1.5821940935215917,2.1511
1787557899.2996147,-2.2661545550569095,-0.004222720738930938,-0.9026997520154608,-4.086050116574812,0.9159276306946783,-6.0818391223211785,2.0393,5.179,-4.171871220306555,0.9959222106102245,-1.5821940935215917,2.1522
1787557899.3709588,-2.2653546102800695,-0.0040360103703386795,-1.0331049641496302,-4.086049080299715,0.9158528091237335,-6.082111829443476,2.0399,5.049,-4.171871220306555,0.9959222106102245,-1.5821940935215917,2.1528
1787557899.4436347,-2.2644807992432607,-0.004174221382918025,-1.2107004654368767,-4.086049143263597,0.9157311876816085,-6.082350487436959,2.0407,4.872,-4.171871220306555,0.9959222106102245,-1.5821940935215917,2.1537
1787557899.5846622,-2.262839378276921,-0.005686395189546339,-1.3025597842842236,-4.086049143263597,0.9157311876816085,-6.082350487436959,2.0428,4.780,-4.171871220306555,0.9959222106102245,-1.5821940935215917,2.1558
1787557899.6548586,-2.26214044674851,-0.006516062047842023,-1.1530720303386606,-4.086051903037302,0.9153397522781466,-6.082819252149367,2.0436,4.930,-4.171871220306555,0.9959222106102245,-1.5821940935215917,2.1568
1787557899.7825787,-2.261347776049428,-0.007290416108448983,-0.9470391334926812,-4.086054716215289,0.9150567194847483,-6.083062686930728,2.0446,5.136,-4.171871220306555,0.9959222106102245,-1.5821940935215917,2.1579
1787557899.8450828,-2.260929760409652,-0.007201939805345116,-0.7839575572527758,-4.086054716215289,0.9150567194847483,-6.083062686930728,2.0449,5.299,-4.171871220306555,0.9959222106102245,-1.5821940935215917,2.1582
1787557899.9727433,-2.2601339002884093,-0.006887485256572823,-0.7418654611010078,-4.086062687436344,0.9143665172748024,-6.083526524717227,2.0452,5.342,-4.171871220306555,0.9959222106102245,-1.5821940935215917,2.1588
1787557900.0993676,-2.259175185222862,-0.007501953841313492,-0.8783952055798228,-4.086062687436344,0.9143665172748024,-6.083526524717227,2.0463,5.205,-4.171871220306555,0.9959222106102245,-1.5821940935215917,2.1599
1787557900.1587155,-2.2586255116616947,-0.008137433524862287,-0.9194297007724308,-4.0860743079551725,0.9134617848813499,-6.083998143384454,2.0467,5.165,-4.171871220306555,0.9959222106102245,-1.5821940935215917,2.1607
1787557900.2681005,-2.257676998212049,-0.009740396317745335,-0.6950599532890578,-4.08608145122423,0.912932569380908,-6.08423399917713,2.0480,5.389,-4.171871220306555,0.9959222106102245,-1.5821940935215917,2.1623
1787557900.3356876,-2.2567543088738424,-0.009993620526317285,-0.6784743708308333,-4.086089480674733,0.9123522989301189,-6.084469806231697,2.0487,5.406,-4.171871220306555,0.9959222106102245,-1.5821940935215917,2.1632
1787557900.4772017,-2.254709381608834,-0.009682881117993727,-0.6266855426425539,-4.086089480674733,0.9123522989301189,-6.084469806231697,2.0504,5.458,-4.171871220306555,0.9959222106102245,-1.5821940935215917,2.1649
1787557900.5480075,-2.2536753230339452,-0.009186345140495501,-0.693076098496671,-4.08610819925285,0.9110384119226157,-6.08494137672912,2.0505,5.392,-4.171871220306555,0.9959222106102245,-1.5821940935215917,2.1656
1787557900.6865647,-2.251804131252078,-0.008409940682978375,-1.1788389062653895,-4.0861188980985865,0.9103043782863864,-6.08517727558882,2.0515,4.906,-4.171871220306555,0.9959222106102245,-1.5821940935215917,2.1669
1787557900.7577753,-2.250762266677939,-0.00878510208447915,-1.171020555840909,-4.0861188980985865,0.9103043782863864,-6.08517727558882,2.0526,4.914,-4.171871220306555,0.9959222106102245,-1.5821940935215917,2.1680
1787557900.8306067,-2.249673598639578,-0.009423172797011674,-1.119315927297008,-4.086142947176541,0.908683743315193,-6.085648791747839,2.0532,4.966,-4.171871220306555,0.9959222106102245,-1.5821940935215917,2.1692
1787557900.9706988,-2.2477477898100773,-0.010800500923206488,-0.928196106648689,-4.086156363689531,0.9077930249226001,-6.085885504108495,2.0551,5.158,-4.171871220306555,0.9959222106102245,-1.5821940935215917,2.1716
1787557901.0352864,-2.2467871140604094,-0.011154500626113742,-0.8768248253143284,-4.086156363689531,0.9077930249226001,-6.085885504108495,2.0561,5.209,-4.171871220306555,0.9959222106102245,-1.5821940935215917,2.1726
1787557901.1723104,-2.2447248892694884,-0.01106148050187448,-0.8473477511421255,-4.086185706950111,0.9058685361578384,-6.086356233650438,2.0571,5.239,-4.171871220306555,0.9959222106102245,-1.5821940935215917,2.1744
1787557901.2413385,-2.24376719675152,-0.010811194745541002,-0.9952805166508735,-4.086185706950111,0.9058685361578384,-6.086356233650438,2.0579,5.091,-4.171871220306555,0.9959222106102245,-1.5821940935215917,2.1751
1787557901.3865519,-2.2426830365738586,-0.010849917754370933,-1.1801371256673423,-4.086218668332683,0.9037359010189756,-6.086827865921126,2.0579,4.907,-4.171871220306555,0.9959222106102245,-1.5821940935215917,2.1761
1787557901.4566345,-2.2420447573750724,-0.011296978815906206,-1.2632023489510675,-4.086218668332683,0.9037359010189756,-6.086827865921126,2.0587,4.824,-4.171871220306555,0.9959222106102245,-1.5821940935215917,2.1769
1787557901.533367,-2.2414426506723992,-0.011945600160227145,-1.2443651247373262,-4.086255189850255,0.9013991563046542,-6.08729939341755,2.0585,4.843,-4.171871220306555,0.9959222106102245,-1.5821940935215917,2.1777
1787557901.6738737,-2.24017873831429,-0.012792101312555808,-1.0670914325380574,-4.086274797008791,0.9001537513870906,-6.087535216983039,2.0595,5.020,-4.171871220306555,0.9959222106102245,-1.5821940935215917,2.1792
1787557901.7450755,-2.239354998808393,-0.012749701944836551,-1.0610106300608773,-4.086274797008791,0.9001537513870906,-6.087535216983039,2.0602,5.027,-4.171871220306555,0.9959222106102245,-1.5821940935215917,2.1799
1787557901.8817594,-2.2377241667484307,-0.012083960662731456,-1.3228494313377612,-4.0863169700343045,0.897491638147435,-6.08800992082393,2.0602,4.765,-4.171871220306555,0.9959222106102245,-1.5821940935215917,2.1811
1787557901.9942498,-2.237053530517669,-0.011813422322848334,-1.5955980793745712,-4.0863169700343045,0.897491638147435,-6.08800992082393,2.0607,4.492,-4.171871220306555,0.9959222106102245,-1.5821940935215917,2.1815
1787557902.0631158,-2.2366631267975507,-0.011992125383622631,-1.7413219442352528,-4.086362144872976,0.8946610536490548,-6.0884784180934695,2.0600,4.347,-4.171871220306555,0.9959222106102245,-1.5821940935215917,2.1820
1787557902.1333642,-2.2362420426818503,-0.012435170128729925,-1.8434698959337252,-4.086386222141504,0.893159943078359,-6.08871422552062,2.0599,4.245,-4.171871220306555,0.9959222106102245,-1.5821940935215917,2.1825
1787557902.2671258,-2.2353850405235707,-0.013421083099120708,-1.797551287270198,-4.0864111965149155,0.8916075781308018,-6.088950047194977,2.0604,4.291,-4.171871220306555,0.9959222106102245,-1.5821940935215917,2.1837
1787557902.3981407,-2.234142979986067,-0.013496285583662785,-1.7237913666423428,-4.085936757912469,0.9143334335468021,-6.101730395397573,2.0712,4.378,-4.171871220306555,0.9959222106102245,-1.5821940935215917,2.1849
1787557902.4700024,-2.2334633714473693,-0.013194602896004047,-1.7542334260839765,-4.085938553517936,0.9142310511857297,-6.101826727442468,2.0717,4.348,-4.171871220306555,0.9959222106102245,-1.5821940935215917,2.1853
1787557902.5429215,-2.2328781675212332,-0.012792356594896144,-1.9464094556850462,-4.085927612166194,0.9145842781009114,-6.102115359235019,2.0722,4.156,-4.171871220306555,0.9959222106102245,-1.5821940935215917,2.1857
1787557902.679091,-2.231147673563204,-0.012799822882422297,-2.5522677598057517,-4.085928678238566,0.9145267977679946,-6.102152822609388,2.0737,3.550,-4.171871220306555,0.9959222106102245,-1.5821940935215917,2.1872
1787557902.785226,-2.2284886881509594,-0.014099194147198122,-2.997431207362672,-4.085928678238566,0.9145267977679946,-6.102152822609388,2.0766,3.105,-4.171871220306555,0.9959222106102245,-1.5821940935215917,2.1902
1787557902.866035,-2.227240242593271,-0.014892997580379803,-3.0813963786497665,-4.08592366314398,0.914584291053537,-6.102622449509664,2.0781,3.021,-4.171871220306555,0.9959222106102245,-1.5821940935215917,2.1917
1787557902.9434402,-2.2261225017718966,-0.015237138853107377,-3.0650875850771606,-4.085925049267887,0.9145112494696991,-6.102648658311732,2.0793,3.038,-4.171871220306555,0.9959222106102245,-1.5821940935215917,2.1928
1787557903.0899696,-2.2236213556079956,-0.01501746259210103,-3.032404386404084,-4.085921536317103,0.9145479774128703,-6.103008436593355,2.0814,3.071,-4.171871220306555,0.9959222106102245,-1.5821940935215917,2.1949
1787557903.1597672,-2.2223747909119935,-0.01458485393771309,-3.1461515426829476,-4.085922720688899,0.9144859143861107,-6.103023464015114,2.0823,2.957,-4.171871220306555,0.9959222106102245,-1.5821940935215917,2.1958
1787557903.2897696,-2.2204126759665535,-0.014193005243053818,-3.4038365592828224,-4.085923991404855,0.9144193944747606,-6.1030325460783965,2.0839,2.699,-4.171871220306555,0.9959222106102245,-1.5821940935215917,2.1974
1787557903.3621368,-2.219566306407919,-0.014408950009075482,-3.4078873987612024,-4.085923991404855,0.9144193944747606,-6.1030325460783965,2.0847,2.695,-4.171871220306555,0.9959222106102245,-1.5821940935215917,2.1982
1787557903.4323778,-2.2186936750580943,-0.01487469840648491,-3.3584874132025417,-4.08591909881023,0.9144314622642632,-6.10369778466349,2.0857,2.745,-4.171871220306555,0.9959222106102245,-1.5821940935215917,2.1992
1787557903.5877552,-2.2170969303399413,-0.015846557560142263,-3.151942323393279,-4.085920036141202,0.9143824851605431,-6.103704937735982,2.0875,2.952,-4.171871220306555,0.9959222106102245,-1.5821940935215917,2.2011
1787557903.6556978,-2.2162000961135804,-0.015918610710729173,-3.1068836496367727,-4.085920036141202,0.9143824851605431,-6.103704937735982,2.0884,2.997,-4.171871220306555,0.9959222106102245,-1.5821940935215917,2.2019
1787557903.7950196,-2.2142656698160104,-0.015287635055680364,-3.147188438404408,-4.0859226487232405,0.9142460079530526,-6.103714930755544,2.0898,2.957,-4.171871220306555,0.9959222106102245,-1.5821940935215917,2.2034
1787557903.8577044,-2.2134170657763903,-0.014901428645899318,-3.3579245597143017,-4.085924528087943,0.9141478411609277,-6.103719935623745,2.0903,2.746,-4.171871220306555,0.9959222106102245,-1.5821940935215917,2.2039
1787557903.9279149,-2.2128877685819504,-0.014630862927690573,-3.4406314129965194,-4.085916668725463,0.9143249409499675,-6.104359191498792,2.0907,2.664,-4.171871220306555,0.9959222106102245,-1.5821940935215917,2.2043
1787557904.0739863,-2.211714828825684,-0.014891082284539127,-3.563683975448164,-4.0859176443196334,0.9142740340285217,-6.104363253016664,2.0919,2.541,-4.171871220306555,0.9959222106102245,-1.5821940935215917,2.2054
1787557904.133331,-2.211186467710784,-0.015299351561339785,-3.4759657895678697,-4.0859176443196334,0.9142740340285217,-6.104363253016664,2.0925,2.628,-4.171871220306555,0.9959222106102245,-1.5821940935215917,2.2061
1787557904.2725327,-2.210725985475449,-0.014475952677004916,-3.50316777668623,-4.085920106912696,0.9141455412017528,-6.1043684274669525,2.0925,2.601,-4.171871220306555,0.9959222106102245,-1.5821940935215917,2.2061
1787557904.3412063,-2.210290203572758,-0.01356279718880751,-3.4467942073336104,-4.085920106912696,0.9141455412017528,-6.1043684274669525,2.0925,2.658,-4.171871220306555,0.9959222106102245,-1.5821940935215917,2.2061
1787557904.479392,-2.209445509247733,-0.011119193213765982,-3.6810330770660977,-4.085923937223616,0.9139456880455755,-6.104373603141297,2.0921,2.423,-4.171871220306555,0.9959222106102245,-1.5821940935215917,2.2057
1787557904.552231,-2.2088597604386297,-0.010321426918233609,-3.710538992796298,-4.0859263649133855,0.9138190204919808,-6.104376190770207,2.0922,2.394,-4.171871220306555,0.9959222106102245,-1.5821940935215917,2.2059
1787557904.6963348,-2.207529014539496,-0.009612222550057718,-3.771978451248735,-4.0859263649133855,0.9138190204919808,-6.104376190770207,2.0931,2.332,-4.171871220306555,0.9959222106102245,-1.5821940935215917,2.2067
1787557904.7540936,-2.2068753851505747,-0.009618639558081774,-3.6946459561461134,-4.085932246150753,0.9135121620367915,-6.104381366453864,2.0936,2.410,-4.171871220306555,0.9959222106102245,-1.5821940935215917,2.2073
1787557904.8876462,-2.205730446794453,-0.009425158549585096,-3.2394446966793136,-4.085932246150753,0.9135121620367915,-6.104381366453864,2.0945,2.865,-3.513163770868943,0.11371457163869003,173.89561863354612,1.3132
1787557904.9696512,-2.204925309107991,-0.008979803390155259,-3.247169718493754,-3.50692123871424,0.15620605392287312,-28.3839147883546,1.3124,25.137,-3.513163770868943,0.11371457163869003,173.89561863354612,1.3140
1787557905.0404866,-2.2040376673177917,-0.008185984072955399,-3.30777020006674,-3.505170049347207,0.14768885728298198,-28.38370225459045,1.3104,25.076,-3.513163770868943,0.11371457163869003,173.89561863354612,1.3148
1787557905.166026,-2.201965022127976,-0.007295920232286741,-3.4897574483812854,-3.504253398909056,0.14317806831206142,-28.383592932107955,1.3110,24.894,-3.513163770868943,0.11371457163869003,173.89561863354612,1.3168
1787557905.2647085,-2.1998185730122324,-0.00749564804314715,-3.879044716177628,-3.504253398909056,0.14317806831206142,-28.383592932107955,1.3131,24.505,-3.513163770868943,0.11371457163869003,173.89561863354612,1.3189
1787557905.39439,-2.1979712525800013,-0.009160840207804125,-4.2245506700333175,-3.5023880697734917,0.13389367263036941,-28.383374323881785,1.3122,24.159,-3.513163770868943,0.11371457163869003,173.89561863354612,1.3209
1787557905.457533,-2.197164832544873,-0.010158036786693397,-4.222625161475655,-3.5023880697734917,0.13389367263036941,-28.383374323881785,1.3131,24.161,-3.513163770868943,0.11371457163869003,173.89561863354612,1.3218
1787557905.5865722,-2.195322369250258,-0.011356327156811594,-4.163567741193925,-3.5004795811987397,0.1242566869112929,-28.383155711922914,1.3122,24.220,-3.513163770868943,0.11371457163869003,173.89561863354612,1.3238
1787557905.6583676,-2.19427628866338,-0.011571188067235387,-4.142344761004943,-3.5004795811987397,0.1242566869112929,-28.383155711922914,1.3132,24.241,-3.513163770868943,0.11371457163869003,173.89561863354612,1.3248
1787557905.7962148,-2.1922914701350185,-0.011574498061925016,-4.4433315520769785,-3.498528226274314,0.11426862864801333,-28.38293712924624,1.3123,23.940,-3.513163770868943,0.11371457163869003,173.89561863354612,1.3268
1787557905.8640113,-2.1916924015759602,-0.012142457062179677,-4.490553654810958,-3.498528226274314,0.11426862864801333,-28.38293712924624,1.3129,23.892,-3.513163770868943,0.11371457163869003,173.89561863354612,1.3275
1787557905.9365897,-2.191095045420251,-0.01307962377377221,-4.592133745505387,-3.4965335975542926,0.10392743795295406,-28.38271853008783,1.3107,23.791,-3.513163770868943,0.11371457163869003,173.89561863354612,1.3281
1787557906.0779092,-2.1900382995135312,-0.015795136730976246,-4.721631323912159,-3.4955198817699955,0.09862352948655236,-28.38260920665331,1.3105,23.661,-3.513163770868943,0.11371457163869003,173.89561863354612,1.3294
1787557906.1482198,-2.1897609970216454,-0.016621947354598494,-4.692713314518054,-3.494491030965221,0.09320853857371553,-28.38249942177763,1.3093,23.690,-3.513163770868943,0.11371457163869003,173.89561863354612,1.3298
1787557906.2956395,-2.1889657826902917,-0.017488490674420504,-4.568959357464647,-3.494491030965221,0.09320853857371553,-28.38249942177763,1.3102,23.814,-3.513163770868943,0.11371457163869003,173.89561863354612,1.3307
1787557906.3676913,-2.188495176321821,-0.017504571985504865,-4.587176152032133,-3.4924147991889343,0.08218716159259086,-28.382281317736524,1.3077,23.795,-3.513163770868943,0.11371457163869003,173.89561863354612,1.3312
1787557906.4364998,-2.188122536181488,-0.017463129763432863,-4.749590860851681,-3.4913578608925895,0.07653035966003453,-28.38217198637318,1.3066,23.633,-3.513163770868943,0.11371457163869003,173.89561863354612,1.3315
1787557906.5721915,-2.1871338714225153,-0.01811779512992968,-4.975808801831189,-3.4913578608925895,0.07653035966003453,-28.38217198637318,1.3077,23.406,-3.513163770868943,0.11371457163869003,173.89561863354612,1.3326
1787557906.6426141,-2.186405054141175,-0.01891153462063903,-4.900724214958525,-3.9941520261760424,-0.19828782240405424,-29.907104159964366,1.8166,25.006,-4.389740923283448,-1.1211457588913518,-28.382171986373177,2.4637
1787557906.7802556,-2.184741799473216,-0.020312031151711468,-4.562290566021972,-4.015610261780417,-0.21429863722406378,-29.932941585296433,1.8411,25.371,-4.389740923283448,-1.1211457588913518,-28.382171986373177,2.4645
1787557906.8399286,-2.183685432291528,-0.020553374792217218,-4.383498719129411,-4.015610261780417,-0.21429863722406378,-29.932941585296433,1.8421,25.549,-4.389740923283448,-1.1211457588913518,-28.382171986373177,2.4654
1787557906.97879,-2.181472364309428,-0.0198677643391081,-3.9969656587750704,-3.957018744158835,-0.10112760167850715,-31.58140198621455,1.7774,27.584,-4.389740923283448,-1.1211457588913518,-28.382171986373177,2.4676
1787557907.0617568,-2.180432608352506,-0.01910506131732635,-3.9650511674485505,-3.956609409569612,-0.10063178458265926,-31.56560741227737,1.7780,27.601,-4.389740923283448,-1.1211457588913518,-28.382171986373177,2.4689
1787557907.1419487,-2.1794915749646346,-0.018458946817582977,-4.077041625802805,-3.9567847963432716,-0.10068559453695229,-31.568917843639515,1.7792,27.492,-4.389740923283448,-1.1211457588913518,-28.382171986373177,2.4700
1787557907.2889845,-2.177559942473929,-0.01877535331899153,-4.120279251979465,-3.9569420974048373,-0.1007248804808661,-31.572214771866644,1.7813,27.452,-4.389740923283448,-1.1211457588913518,-28.382171986373177,2.4716
1787557907.3598108,-2.1766313409742217,-0.019307441203989233,-4.056484477183372,-3.9569420974048373,-0.1007248804808661,-31.572214771866644,1.7822,27.516,-4.389740923283448,-1.1211457588913518,-28.382171986373177,2.4722
1787557907.4916053,-2.1755152893153964,-0.019177751940820466,-3.97764902278342,-3.9572003117415937,-0.10076049268239491,-31.57868238834814,1.7836,27.601,-4.389740923283448,-1.1211457588913518,-28.382171986373177,2.4733
1787557907.5628848,-2.17485924470042,-0.018692446739899646,-3.8804586188695525,-3.9572003117415937,-0.10076049268239491,-31.57868238834814,1.7842,27.698,-4.389740923283448,-1.1211457588913518,-28.382171986373177,2.4741
1787557907.6367266,-2.174163385579318,-0.01786524635990954,-3.7662317356429313,-3.9573928109693184,-0.10074088955450801,-31.58519144566269,1.7852,27.819,-4.389740923283448,-1.1211457588913518,-28.382171986373177,2.4751
1787557907.7742255,-2.173208711086691,-0.01645353021073994,-3.802468109905587,-3.9573928109693184,-0.10074088955450801,-31.58519144566269,1.7862,27.783,-4.389740923283448,-1.1211457588913518,-28.382171986373177,2.4766
1787557907.8425145,-2.1728453193591006,-0.016309107452635432,-3.8541675631513312,-3.9575177243127113,-0.10066566813666038,-31.59170132181756,1.7867,27.738,-4.389740923283448,-1.1211457588913518,-28.382171986373177,2.4770
1787557907.9708827,-2.172052851532403,-0.0167741544649919,-3.886409442013277,-3.957554830092142,-0.1006071806509254,-31.594957430120253,1.7875,27.709,-4.389740923283448,-1.1211457588913518,-28.382171986373177,2.4775
1787557908.0417392,-2.1717324727069665,-0.017211140610167687,-3.766640145762453,-3.957575151681235,-0.10053385073296771,-31.598251819574546,1.7878,27.832,-4.389740923283448,-1.1211457588913518,-28.382171986373177,2.4775
1787557908.180485,-2.1707706558619466,-0.01731959610845263,-3.5324775864587914,-3.957575151681235,-0.10053385073296771,-31.598251819574546,1.7887,28.066,-4.389740923283448,-1.1211457588913518,-28.382171986373177,2.4784
1787557908.251259,-2.1699090940903862,-0.01680402711884128,-3.623927124766848,-3.9575646488128937,-0.10034840630966733,-31.60472172299566,1.7896,27.981,-4.389740923283448,-1.1211457588913518,-28.382171986373177,2.4794
1787557908.386931,-2.1682916413888464,-0.015355639967297862,-4.1545523030182085,-3.9575646488128937,-0.10034840630966733,-31.60472172299566,1.7913,27.450,-4.389740923283448,-1.1211457588913518,-28.382171986373177,2.4815
1787557908.4541154,-2.1674946730552707,-0.014903573247722098,-4.175713999839748,-3.957486595160221,-0.10010631373311764,-31.611234008410065,1.7920,27.436,-4.389740923283448,-1.1211457588913518,-28.382171986373177,2.4824
1787557908.5921092,-2.1657803095853723,-0.014860959844886142,-4.209014615779788,-3.957869814004102,-0.10098114589815306,-31.586348368843442,1.7942,27.377,-4.389740923283448,-1.1211457588913518,-28.382171986373177,2.4839
1787557908.665794,-2.1649592697333446,-0.015127453322888276,-4.10953518181026,-3.957843820447911,-0.1009537970401838,-31.588144944970082,1.7949,27.479,-4.389740923283448,-1.1211457588913518,-28.382171986373177,2.4845
1787557908.7378829,-2.1642267052296518,-0.015322468494945554,-3.8681910893720652,-3.957806755347033,-0.10092168168522848,-31.589271765181778,1.7956,27.721,-4.389740923283448,-1.1211457588913518,-28.382171986373177,2.4851
1787557908.8764682,-2.162375719474681,-0.014870080166215336,-3.8956656207086344,-3.957806755347033,-0.10092168168522848,-31.589271765181778,1.7975,27.694,-4.389740923283448,-1.1211457588913518,-28.382171986373177,2.4870
1787557908.9442973,-2.1613530889389843,-0.014258939182617327,-3.986527197308913,-3.957686261813944,-0.10082415707340835,-31.591501184169,1.7984,27.605,-4.389740923283448,-1.1211457588913518,-28.382171986373177,2.4882
1787557909.088797,-2.1595422968955362,-0.01303986218760621,-4.242071407382706,-3.9576010152898244,-0.10075729593412294,-31.592634162022343,1.8002,27.351,-4.389740923283448,-1.1211457588913518,-28.382171986373177,2.4903
1787557909.1567354,-2.1586322931105957,-0.012828955540741769,-4.277648075134492,-3.9576010152898244,-0.10075729593412294,-31.592634162022343,1.8011,27.315,-4.389740923283448,-1.1211457588913518,-28.382171986373177,2.4912
1787557909.2292964,-2.15767520452429,-0.01288271047177023,-4.292935529842415,-3.9573866325013447,-0.10059215477145968,-31.594858048027845,1.8018,27.302,-4.389740923283448,-1.1211457588913518,-28.382171986373177,2.4921
1787557909.3657973,-2.155939495945191,-0.013315270873187872,-3.97128609251583,-3.9573866325013447,-0.10059215477145968,-31.594858048027845,1.8036,27.624,-4.389740923283448,-1.1211457588913518,-28.382171986373177,2.4934
1787557909.498019,-2.1530237076421344,-0.013002903848501052,-3.261974302887172,-3.9571080047526936,-0.10038067149178763,-31.59709559962116,1.8062,28.335,-4.389740923283448,-1.1211457588913518,-28.382171986373177,2.4962
1787557909.563238,-2.1514514480720424,-0.012426009551058341,-2.928061032087557,-3.9571080047526936,-0.10038067149178763,-31.59709559962116,1.8078,28.669,-4.389740923283448,-1.1211457588913518,-28.382171986373177,2.4978
1787557909.6927319,-2.1487630142693197,-0.01124436884081622,-2.716965755664147,-3.9567662867746223,-0.10012375221672934,-31.599332949323284,1.8102,28.882,-4.389740923283448,-1.1211457588913518,-28.382171986373177,2.5008
1787557909.7606952,-2.1475778548690982,-0.011011918661119776,-2.7741857164592774,-3.9565717280144534,-0.09997822881101003,-31.600451789916455,1.8112,28.826,-4.389740923283448,-1.1211457588913518,-28.382171986373177,2.5019
1787557909.83026,-2.1463510674209143,-0.01104865112830607,-2.8309445875137658,-3.9563609375881126,-0.09982100748341534,-31.601572924158916,1.8122,28.771,-4.389740923283448,-1.1211457588913518,-28.382171986373177,2.5030
1787557909.97959,-2.143883821040315,-0.011786644644063876,-2.7460613840856216,-3.9563609375881126,-0.09982100748341534,-31.601572924158916,1.8146,28.856,-4.389740923283448,-1.1211457588913518,-28.382171986373177,2.5049
1787557910.04839,-2.1427645459864064,-0.012084239704355527,-2.495026897273877,-3.9558917503393816,-0.09947228349115776,-31.60381546592695,1.8152,29.109,-4.389740923283448,-1.1211457588913518,-28.382171986373177,2.5058
1787557910.1883686,-2.140828749513981,-0.011832487186993012,-2.2081861890564203,-3.9558917503393816,-0.09947228349115776,-31.60381546592695,1.8172,29.396,-4.389740923283448,-1.1211457588913518,-28.382171986373177,2.5076
1787557910.2566574,-2.1398271139135705,-0.011358658621415397,-2.148066522585873,-3.955362119455351,-0.0990801080745861,-31.606046190096702,1.8177,29.458,-4.389740923283448,-1.1211457588913518,-28.382171986373177,2.5087
1787557910.3257744,-2.139334299908531,-0.0113881947447553,-1.9776429600139813,-3.955071367562433,-0.09886531288269634,-31.607170595446075,1.8178,29.630,-4.389740923283448,-1.1211457588913518,-28.382171986373177,2.5092
1787557910.4782069,-2.138452742180892,-0.012115941006642587,-1.5888211364760934,-3.955071367562433,-0.09886531288269634,-31.607170595446075,1.8187,30.018,-4.389740923283448,-1.1211457588913518,-28.382171986373177,2.5096
1787557910.5477617,-2.1379984130301066,-0.012966143242642733,-1.416208661910714,-3.954446990119472,-0.09840494362159574,-31.60940254737595,1.8185,30.193,-4.389740923283448,-1.1211457588913518,-28.382171986373177,2.5097
1787557910.68468,-2.137187527262472,-0.014880681541694578,-0.927670255546887,-3.9541088987854165,-0.09815608791916816,-31.61052612200105,1.8188,30.683,-4.389740923283448,-1.1211457588913518,-28.382171986373177,2.5095
1787557910.7576523,-2.1368559226263484,-0.015268435873282126,-0.9143250096402518,-3.9541088987854165,-0.09815608791916816,-31.61052612200105,1.8191,30.696,-4.389740923283448,-1.1211457588913518,-28.382171986373177,2.5097
1787557910.8987038,-2.1362656482991373,-0.01550543208944503,-0.8421630663977457,-3.9533897267735734,-0.09762750816688803,-31.612759078408065,1.8190,30.771,-4.389740923283448,-1.1211457588913518,-28.382171986373177,2.5101
1787557910.966563,-2.1360758751959903,-0.015518347281260175,-0.8422218585427459,-3.9533897267735734,-0.09762750816688803,-31.612759078408065,1.8192,30.771,-4.389740923283448,-1.1211457588913518,-28.382171986373177,2.5103
1787557911.03707,-2.1359664302954635,-0.015468600381492701,-0.8440064529298429,-3.9526059771703292,-0.09705245050686638,-31.61499666762731,1.8185,30.771,-4.389740923283448,-1.1211457588913518,-28.382171986373177,2.5104
1787557911.1788015,-2.1359939504219834,-0.015197947121692534,-0.8515561988922321,-3.952190236420524,-0.09674775971910905,-31.616115938406985,1.8180,30.765,-4.389740923283448,-1.1211457588913518,-28.382171986373177,2.5105
1787557911.2501187,-2.1361322891715973,-0.014988005854801827,-0.8570247267494581,-3.9493587496582494,-0.30343889849647043,-27.44763306713032,1.8360,26.591,-3.8521278747079997,-0.2791190322618593,-31.616115938406985,1.7362
1787557911.3956392,-2.1366604365444593,-0.014449231766610839,-0.8727242083213995,-3.9491969771773667,-0.30374281148866344,-27.448125381785403,1.8355,26.575,-3.8521278747079997,-0.2791190322618593,-31.616115938406985,1.7358
1787557911.46775,-2.1370741587782955,-0.014265819719828652,-0.8672579563695186,-3.949064825879371,-0.30396194936072585,-27.448500867006633,1.8350,26.581,-3.8521278747079997,-0.2791190322618593,-31.616115938406985,1.7354
1787557911.5378776,-2.1375724359436865,-0.01418663882735106,-0.8631281019281619,-3.948925053413827,-0.30417018261651324,-27.448876438071032,1.8344,26.586,-3.8521278747079997,-0.2791190322618593,-31.616115938406985,1.7349
1787557911.681107,-2.138828529705991,-0.014219882775976935,-0.849867590020861,-3.9487776645141337,-0.3043674910499046,-27.44925206992739,1.8331,26.599,-3.8521278747079997,-0.2791190322618593,-31.616115938406985,1.7337
1787557911.7495735,-2.139588879837015,-0.014293196451726277,-0.8426411949925617,-3.9487776645141337,-0.3043674910499046,-27.44925206992739,1.8323,26.607,-3.8521278747079997,-0.2791190322618593,-31.616115938406985,1.7329
1787557911.8950307,-2.141377593443772,-0.014479925040211075,-0.8284844576434636,-3.608234526252941,-0.3374468396784876,-24.740899213717885,1.5020,23.912,-4.0389970825158334,-0.6304723143916077,-27.44925206992739,1.9951
1787557911.965881,-2.1420773473410875,-0.014533691955952065,-0.8240054230767118,-3.607735764984746,-0.3380719490088181,-24.741284984982748,1.5009,23.917,-4.0389970825158334,-0.6304723143916077,-27.44925206992739,1.9944
1787557912.043242,-2.142599003811086,-0.014670690393212255,-0.8175222569930536,-3.607735764984746,-0.3380719490088181,-24.741284984982748,1.5004,23.924,-4.0389970825158334,-0.6304723143916077,-27.44925206992739,1.9939
1787557912.13084,-2.142966294743499,-0.014845641676258256,-0.811326568455575,-3.6070160152675688,-0.3389835880582849,-24.741839934678236,1.4995,23.931,-4.0389970825158334,-0.6304723143916077,-27.44925206992739,1.9935
1787557912.2738817,-2.1431988503562995,-0.015037473126914055,-0.8073594380837348,-3.6066549487208786,-0.3394451399255507,-24.742117558658336,1.4990,23.935,-4.0389970825158334,-0.6304723143916077,-27.44925206992739,1.9932
1787557912.3488302,-2.143115777277132,-0.015096329834873707,-0.806152409955923,-3.6066549487208786,-0.3394451399255507,-24.742117558658336,1.4990,23.936,-4.0389970825158334,-0.6304723143916077,-27.44925206992739,1.9933
1787557912.4880502,-2.142731979397255,-0.015165363070548884,-0.8047833539663485,-3.6059312702459665,-0.3403786268820011,-24.742672457473347,1.4989,23.938,-4.0389970825158334,-0.6304723143916077,-27.44925206992739,1.9936
1787557912.5503304,-2.142548974659883,-0.01522876252135576,-0.797318966002519,-3.6055682788285033,-0.3408510551345017,-24.742950025292075,1.4988,23.946,-4.0389970825158334,-0.6304723143916077,-27.44925206992739,1.9938
1787557912.6855242,-2.142305297536844,-0.015293077987357732,-0.7955502083767582,-3.6912737104093325,-0.3717449005952168,-25.471309199941476,1.5895,24.676,-4.155159206274379,-0.8076901052157922,-24.742950025292075,2.1632
1787557912.7560818,-2.142231103940766,-0.015310092534431313,-0.7948820852911357,-3.691352395427674,-0.3717886843452758,-25.471611873961592,1.5896,24.677,-4.155159206274379,-0.8076901052157922,-24.742950025292075,2.1633
1787557912.8963277,-2.142165417664698,-0.015334071581196516,-0.7924396377074473,-3.691413145674233,-0.3718099107501174,-25.47181271342229,1.5897,24.679,-4.155159206274379,-0.8076901052157922,-24.742950025292075,2.1633
1787557912.96561,-2.142156513950193,-0.015344713081686388,-0.7911408475668928,-3.691413145674233,-0.3718099107501174,-25.47181271342229,1.5897,24.681,-4.155159206274379,-0.8076901052157922,-24.742950025292075,2.1633
1787557913.1012614,-2.1421604225535935,-0.015365982822969438,-0.7885337166946205,-3.6915550466816445,-0.37183363083052745,-25.47221430281142,1.5899,24.684,-4.155159206274379,-0.8076901052157922,-24.742950025292075,2.1633
1787557913.1560993,-2.1421641001564575,-0.015376916904917397,-0.7874079240435928,-3.6916362767133215,-0.37183612908603525,-25.472415255504796,1.5899,24.685,-4.155159206274379,-0.8076901052157922,-24.742950025292075,2.1633
1787557913.2792096,-2.14216992247158,-0.015398842236905132,-0.7852543026380981,-3.6916362767133215,-0.37183612908603525,-25.472415255504796,1.5899,24.687,-4.155159206274379,-0.8076901052157922,-24.742950025292075,2.1633
1787557913.3452432,-2.1421722532941074,-0.01540945854466485,-0.7842453614129753,-3.6918189985713927,-0.37182240007429,-25.472816759865996,1.5901,24.689,-4.155159206274379,-0.8076901052157922,-24.742950025292075,2.1633
1787557913.4835856,-2.1421760821762357,-0.015429357473218512,-0.7823690197959993,-3.69192064890676,-0.37180616306628544,-25.47301766690763,1.5902,24.691,-4.155159206274379,-0.8076901052157922,-24.742950025292075,2.1633
1787557913.557253,-2.1421776616146824,-0.01543850525088043,-0.7815132789345317,-3.69192064890676,-0.37180616306628544,-25.47301766690763,1.5902,24.692,-4.155159206274379,-0.8076901052157922,-24.742950025292075,2.1633
1787557913.6815856,-2.142180323255868,-0.01545504599704584,-0.7799460947935629,-3.692144228752856,-0.3717549908863563,-25.473419194728265,1.5904,24.693,-4.155159206274379,-0.8076901052157922,-24.742950025292075,2.1633
1787557913.7460032,-2.142181444023683,-0.015462446596437574,-0.7792412696657549,-3.692266279292982,-0.37172003032269896,-25.47362004064724,1.5905,24.694,-4.155159206274379,-0.8076901052157922,-24.742950025292075,2.1633
1787557913.8833873,-2.1421833607365977,-0.015475590411910881,-0.7779647449895469,-3.6923951593723703,-0.37167881950305703,-25.473820913505822,1.5906,24.696,-4.155159206274379,-0.8076901052157922,-24.742950025292075,2.1633
1787557913.9557347,-2.142184182870592,-0.015481388275801315,-0.7773883299474136,-3.97435345870465,-0.07892566692845915,-26.29415281612669,1.8333,25.517,-3.517062501286948,0.4618450240787227,-25.473820913505822,1.4554
1787557914.0376487,-2.142184923420597,-0.015486715029764515,-0.7768564399124189,-3.975909053161171,-0.07934780683101432,-26.30102116674975,1.8348,25.524,-3.517062501286948,0.4618450240787227,-25.473820913505822,1.4554
1787557914.1821785,-2.1421862123507864,-0.015496067589781257,-0.775891985342383,-3.9764961444114384,-0.07869916512081244,-26.30123222137226,1.8354,25.525,-3.517062501286948,0.4618450240787227,-25.473820913505822,1.4554
1787557914.2533488,-2.1421867667713483,-0.015500160688507346,-0.7754638192868976,-3.977003276092952,-0.07813738946554492,-26.301405271426553,1.8359,25.526,-3.517062501286948,0.4618450240787227,-25.473820913505822,1.4554
1787557914.4005413,-2.142187736908559,-0.015507283098324548,-0.7746574936388716,-3.977003276092952,-0.07813738946554492,-26.301405271426553,1.8359,25.527,-3.517062501286948,0.4618450240787227,-25.473820913505822,1.4554
1787557914.4726827,-2.1421881632539708,-0.015510361698416452,-0.7742787487011151,-3.9772992967742162,-0.07807946234140763,-26.298177568513243,1.8362,25.524,-3.517062501286948,0.4618450240787227,-25.473820913505822,1.4554
1787557914.5504189,-2.1421885515477745,-0.01551315249197952,-0.7739182307526552,-3.977410853492958,-0.07795471598883558,-26.29827199372228,1.8363,25.524,-3.517062501286948,0.4618450240787227,-25.473820913505822,1.4554
1787557914.68737,-2.1421892471324377,-0.015517960691800487,-0.7732407127364609,-3.977535060626248,-0.07781475450846485,-26.298365641990884,1.8364,25.525,-3.517062501286948,0.4618450240787227,-25.473820913505822,1.4554
1787557914.7816632,-2.1421898392958285,-0.015521880803472592,-0.7726247211427006,-3.977535060626248,-0.07781475450846485,-26.298365641990884,1.8364,25.526,-3.517062501286948,0.4618450240787227,-25.473820913505822,1.4554
1787557914.8875384,-2.142190349353961,-0.015525057428634888,-0.7720624661830685,-3.977823858008132,-0.07748648379782881,-26.29855284738963,1.8367,25.526,-3.517062501286948,0.4618450240787227,-25.473820913505822,1.4554
1787557914.9451993,-2.142190575918853,-0.015526404158228755,-0.7717991705053785,-3.977823858008132,-0.07748648379782881,-26.29855284738963,1.8367,25.527,-3.517062501286948,0.4618450240787227,-25.473820913505822,1.4554
1787557915.0812747,-2.1421909780509902,-0.015528656430978564,-0.7712817230136858,-3.977645776688386,-0.07772827430152879,-26.297106976253698,1.8365,25.526,-3.517062501286948,0.4618450240787227,-25.473820913505822,1.4554
1787557915.1580102,-2.142191155822354,-0.015529584118084092,-0.771027748284285,-3.9776917660945355,-0.07767480657491749,-26.29717242575832,1.8366,25.526,-3.517062501286948,0.4618450240787227,-25.473820913505822,1.4554
1787557915.2314837,-2.142191316900769,-0.015530399091637835,-0.7707871683246881,-3.9776917660945355,-0.07767480657491749,-26.29717242575832,1.8366,25.526,-3.517062501286948,0.4618450240787227,-25.473820913505822,1.4554
1787557915.3783581,-2.1421916047863037,-0.015531713442579009,-0.7703095272470198,-3.9777921096225857,-0.0775564071103792,-26.29726518002857,1.8366,25.527,-3.517062501286948,0.4618450240787227,-25.473820913505822,1.4554
1787557915.4573908,-2.1421917292561936,-0.015532269670553173,-0.770091861482043,-3.977686503941733,-0.07769049772091643,-26.29673274428633,1.8365,25.527,-3.517062501286948,0.4618450240787227,-25.473820913505822,1.4554
1787557915.533492,-2.1421918452331576,-0.015532774678095138,-0.769876322719743,-3.977727122136891,-0.07764183444733347,-26.296780784120777,1.8366,25.527,-3.517062501286948,0.4618450240787227,-25.473820913505822,1.4554
1787557915.6830804,-2.1421920471983884,-0.015533681101474064,-0.7694820676998986,-3.977727122136891,-0.07764183444733347,-26.296780784120777,1.8366,25.527,-3.517062501286948,0.4618450240787227,-25.473820913505822,1.4554
1787557915.7521071,-2.142192135855099,-0.01553409023009605,-0.7693011506075028,-3.977805809226978,-0.0775469468178383,-26.29683082484691,1.8367,25.528,-3.517062501286948,0.4618450240787227,-25.473820913505822,1.4554
1787557915.8884156,-2.1421922969050153,-0.015534824248764251,-0.7689572946077541,-3.977859060641204,-0.07748260505629306,-26.29685584011001,1.8367,25.528,-3.517062501286948,0.4618450240787227,-25.473820913505822,1.4554
1787557915.9597876,-2.1421923690698033,-0.015535153736415582,-0.768792124415023,-3.977859060641204,-0.07748260505629306,-26.29685584011001,1.8367,25.528,-3.517062501286948,0.4618450240787227,-25.473820913505822,1.4554
1787557916.0964103,-2.1421924955977025,-0.015535755726285393,-0.7684897599624471,-3.9779933404653636,-0.07732017264295218,-26.296905853942214,1.8368,25.528,-3.517062501286948,0.4618450240787227,-25.473820913505822,1.4554
1787557916.1550093,-2.1421925521128284,-0.01553602529776102,-0.7683450558038484,-3.97807446954169,-0.07722196003770893,-26.296930885520332,1.8369,25.529,-3.517062501286948,0.4618450240787227,-25.473820913505822,1.4554
1787557916.274522,-2.1421926502020985,-0.015536521743489186,-0.7680832020327529,-3.97807446954169,-0.07722196003770893,-26.296930885520332,1.8369,25.529,-3.517062501286948,0.4618450240787227,-25.473820913505822,1.4554
1787557916.340709,-2.1421926926336017,-0.015536750733961898,-0.7679658256921232,-3.9782646830458255,-0.07699156963809886,-26.296980970530825,1.8371,25.529,-3.517062501286948,0.4618450240787227,-25.473820913505822,1.4554
1787557916.4912407,-2.1421927680932336,-0.0155371666341019,-0.7677430663603146,-3.9777889164583535,-0.07758176861316007,-26.29621185710078,1.8366,25.528,-3.517062501286948,0.4618450240787227,-25.473820913505822,1.4554
1787557916.5645332,-2.1421928017178193,-0.015537355646829119,-0.7676375585990102,-3.9778091528535686,-0.07755721593782368,-26.296226362932085,1.8367,25.529,-3.517062501286948,0.4618450240787227,-25.473820913505822,1.4554
1787557916.636467,-2.142192833006948,-0.015537532395130942,-0.7675361923003393,-3.9778320165447103,-0.07752945250800036,-26.296236340179018,1.8367,25.529,-3.517062501286948,0.4618450240787227,-25.473820913505822,1.4554
1787557916.7737205,-2.1421928869041476,-0.015537856925982148,-0.7673470287552756,-3.9778320165447103,-0.07752945250800036,-26.296236340179018,1.8367,25.529,-3.517062501286948,0.4618450240787227,-25.473820913505822,1.4554
1787557916.8424873,-2.1421929100275836,-0.015538004755868036,-0.7672577427042169,-3.9779001283478173,-0.07744670948451764,-26.296256419163768,1.8368,25.529,-3.517062501286948,0.4618450240787227,-25.473820913505822,1.4554
1787557916.9819956,-2.1421929516625475,-0.015538268019206951,-0.7670822082329797,-3.9779001283478173,-0.07744670948451764,-26.296256419163768,1.8368,25.529,-3.517062501286948,0.4618450240787227,-25.473820913505822,1.4554
1787557917.0531747,-2.142192970482307,-0.01553838459315897,-0.7669959456082861,-3.9779964029193793,-0.07732972317658923,-26.296276254145017,1.8368,25.529,-3.517062501286948,0.4618450240787227,-25.473820913505822,1.4554
1787557917.1892803,-2.142193002804517,-0.015538596020442634,-0.76683330443422,-3.9779964029193793,-0.07732972317658923,-26.296276254145017,1.8368,25.529,-3.517062501286948,0.4618450240787227,-25.473820913505822,1.4554
1787557917.2611158,-2.142193017880664,-0.015538688396525792,-0.7667533991573173,-3.9781222986181306,-0.07717672164693276,-26.296296203934677,1.8370,25.530,-3.517062501286948,0.4618450240787227,-25.473820913505822,1.4554
1787557917.333797,-2.1421930306844748,-0.015538777042155406,-0.7666789497660774,-3.978196297223141,-0.07708678454986752,-26.296306194316358,1.8370,25.530,-3.517062501286948,0.4618450240787227,-25.473820913505822,1.4554
1787557917.4741173,-2.142193053924019,-0.015538933485122142,-0.7665325775214201,-3.978196297223141,-0.07708678454986752,-26.296306194316358,1.8370,25.530,-3.517062501286948,0.4618450240787227,-25.473820913505822,1.4554
1787557917.5445497,-2.142193064567719,-0.015539001966678024,-0.7664606483985356,-3.9783659065382166,-0.07688063254849554,-26.2963261407943,1.8372,25.530,-3.517062501286948,0.4618450240787227,-25.473820913505822,1.4554
1787557917.6841967,-2.142193082444967,-0.015539126310270105,-0.7663258459414273,-3.9783659065382166,-0.07688063254849554,-26.2963261407943,1.8372,25.530,-3.517062501286948,0.4618450240787227,-25.473820913505822,1.4554
1787557917.7539265,-2.1421930898320936,-0.015539182705492857,-0.7662628679384479,-3.9785647629783223,-0.07663891956175164,-26.296346097475293,1.8374,25.530,-3.517062501286948,0.4618450240787227,-25.473820913505822,1.4554
1787557917.8840425,-2.142193104893392,-0.015539276741138811,-0.7661358933527725,-3.598168332548505,0.41932450483589223,-26.57765452671872,1.5195,25.812,-4.083369905092227,0.9015707868312526,-26.29634609747529,2.1469
1787557917.9545398,-2.1421931106954024,-0.015539320275184166,-0.7660783054565721,-3.597700677924698,0.4201084515711272,-26.57785976292103,1.5193,25.812,-4.083369905092227,0.9015707868312526,-26.29634609747529,2.1469
1787557918.0978065,-2.142193121515747,-0.015539394132291898,-0.7659651517799384,-3.597700677924698,0.4201084515711272,-26.57785976292103,1.5193,25.812,-4.083369905092227,0.9015707868312526,-26.29634609747529,2.1469
1787557918.16731,-2.1421931266165313,-0.015539426948362904,-0.7659093023190409,-3.59706538293137,0.42123764359473975,-26.578125960359802,1.5190,25.812,-4.083369905092227,0.9015707868312526,-26.29634609747529,2.1469
1787557918.2966084,-2.142193134722299,-0.015539486018259016,-0.7658056886203015,-3.59706538293137,0.42123764359473975,-26.578125960359802,1.5190,25.812,-4.083369905092227,0.9015707868312526,-26.29634609747529,2.1469
1787557918.3662982,-2.1421931378152403,-0.015539512406219725,-0.7657578270104411,-3.5963976390203185,0.4224937553611695,-26.57839215726482,1.5187,25.813,-4.083369905092227,0.9015707868312526,-26.29634609747529,2.1469
1787557918.4364512,-2.142193141457885,-0.01553953362721375,-0.7657085027825532,-3.5963976390203185,0.4224937553611695,-26.57839215726482,1.5187,25.813,-4.083369905092227,0.9015707868312526,-26.29634609747529,2.1469
1787557918.5719037,-2.1421931470334874,-0.015539570735895507,-0.7656175366990173,-3.595697435373907,0.42387680565985175,-26.57865835728986,1.5185,25.813,-4.083369905092227,0.9015707868312526,-26.29634609747529,2.1469
1787557918.6425574,-2.142193149018381,-0.015539586828720638,-0.7655758007934433,-3.595697435373907,0.42387680565985175,-26.57865835728986,1.5185,25.813,-4.083369905092227,0.9015707868312526,-26.29634609747529,2.1469
1787557918.782518,-2.1421931531476117,-0.015539609924071099,-0.7654937664696687,-3.5949648410659893,0.42538664864893705,-26.57892453505677,1.5182,25.813,-4.083369905092227,0.9015707868312526,-26.29634609747529,2.1469
1787557918.8522007,-2.1421931553074316,-0.01553961715212666,-0.7654534624051782,-3.594586202583544,0.4261895263606752,-26.579057683805733,1.5181,25.814,-4.083369905092227,0.9015707868312526,-26.29634609747529,2.1469
1787557918.9897037,-2.142193158703704,-0.015539626999764503,-0.7653799979580366,-3.5941995326286404,0.4270239661601951,-26.579190802481836,1.5180,25.814,-4.083369905092227,0.9015707868312526,-26.29634609747529,2.1469
1787557919.0617168,-2.142193160390768,-0.015539628309374675,-0.7653439005155578,-3.5941995326286404,0.4270239661601951,-26.579190802481836,1.5180,25.814,-4.083369905092227,0.9015707868312526,-26.29634609747529,2.1469
1787557919.1990116,-2.1421931623253148,-0.01553962829418153,-0.7652783400052482,-3.593402057382442,0.428787591405223,-26.579456970686344,1.5177,25.814,-4.083369905092227,0.9015707868312526,-26.29634609747529,2.1469
1787557919.2555947,-2.142193162630377,-0.015539626853289436,-0.7652490249180244,-3.5929908143768268,0.42971775374682364,-26.579590162535307,1.5176,25.814,-4.083369905092227,0.9015707868312526,-26.29634609747529,2.1469
1787557919.380361,-2.142193163502344,-0.015539618753377405,-0.7651895426174662,-3.5929908143768268,0.42971775374682364,-26.579590162535307,1.5176,25.814,-4.083369905092227,0.9015707868312526,-26.29634609747529,2.1469
1787557919.4368403,-2.1421931640439995,-0.0155396128930584,-0.7651582878843964,-3.592138783253615,0.4316855002374298,-26.57985814184312,1.5174,25.815,-4.083369905092227,0.9015707868312526,-26.29634609747529,2.1469
1787557919.5679257,-2.1421931639001976,-0.015539600043979567,-0.7651022518964687,-3.592138783253615,0.4316855002374298,-26.57985814184312,1.5174,25.815,-4.083369905092227,0.9015707868312526,-26.29634609747529,2.1469
